    0.188442        658.798        0.00000        0.00000        0.00000    
    0.565327        1231.33        0.00000        0.00000        0.00000    
    0.942211        1435.61        0.00000        0.00000        0.00000    
     1.31910        1493.51        0.00000        0.00000        0.00000    
     1.69598        1461.00        0.00000        0.00000        0.00000    
     2.07286        1372.63        0.00000        0.00000        0.00000    
     2.44975        1258.00        0.00000        0.00000        0.00000    
     2.82663        1109.92        0.00000        0.00000        0.00000    
     3.20352        959.982        0.00000        0.00000        0.00000    
     3.58040        807.206        0.00000        0.00000        0.00000    
     3.95729        666.869        0.00000        0.00000        0.00000    
     4.33417        535.726        0.00000        0.00000        0.00000    
     4.71106        422.903        0.00000        0.00000        0.00000    
     5.08794        329.638        0.00000        0.00000        0.00000    
     5.46482        256.743        0.00000        0.00000        0.00000    
     5.84171        201.237        0.00000        0.00000        0.00000    
     6.21859        157.977        0.00000        0.00000        0.00000    
     6.59548        124.910        0.00000        0.00000        0.00000    
     6.97236        99.1923        0.00000        0.00000        0.00000    
     7.34925        79.3889        0.00000        0.00000        0.00000    
     7.72613        64.0288        0.00000        0.00000        0.00000    
     8.10302        51.7122        0.00000        0.00000        0.00000    
     8.47990        41.9383        0.00000        0.00000        0.00000    
     8.85678        34.4591        0.00000        0.00000        0.00000    
     9.23367        28.3170        0.00000        0.00000        0.00000    
     9.61055        23.3216        0.00000        0.00000        0.00000    
     9.98744        19.3334        0.00000        0.00000        0.00000    
     10.3643        16.1644        0.00000        0.00000        0.00000    
     10.7412        13.5346        0.00000        0.00000        0.00000    
     11.1181        11.3558        0.00000        0.00000        0.00000    
     11.4950        9.57799        0.00000        0.00000        0.00000    
     11.8719        8.12551        0.00000        0.00000        0.00000    
     12.2487        6.90314        0.00000        0.00000        0.00000    
     12.6256        5.90191        0.00000        0.00000        0.00000    
     13.0025        5.05778        0.00000        0.00000        0.00000    
     13.3794        4.33269        0.00000        0.00000        0.00000    
     13.7563        3.73638        0.00000        0.00000        0.00000    
     14.1332        3.23254        0.00000        0.00000        0.00000    
     14.5101        2.80890        0.00000        0.00000        0.00000    
     14.8869        2.44523        0.00000        0.00000        0.00000    
     15.2638        2.12824        0.00000        0.00000        0.00000    
     15.6407        1.85944        0.00000        0.00000        0.00000    
     16.0176        1.63337        0.00000        0.00000        0.00000    
     16.3945        1.43031        0.00000        0.00000        0.00000    
     16.7714        1.26510        0.00000        0.00000        0.00000    
     17.1482        1.11539        0.00000        0.00000        0.00000    
     17.5251       0.988102        0.00000        0.00000        0.00000    
     17.9020       0.874233        0.00000        0.00000        0.00000    
     18.2789       0.777015        0.00000        0.00000        0.00000    
     18.6558       0.691336        0.00000        0.00000        0.00000    
     19.0327       0.617044        0.00000        0.00000        0.00000    
     19.4095       0.550273        0.00000        0.00000        0.00000    
     19.7864       0.493124        0.00000        0.00000        0.00000    
     20.1633       0.441835        0.00000        0.00000        0.00000    
     20.5402       0.395843        0.00000        0.00000        0.00000    
     20.9171       0.356592        0.00000        0.00000        0.00000    
     21.2940       0.321717        0.00000        0.00000        0.00000    
     21.6709       0.290467        0.00000        0.00000        0.00000    
     22.0477       0.262836        0.00000        0.00000        0.00000    
     22.4246       0.237472        0.00000        0.00000        0.00000    
     22.8015       0.215616        0.00000        0.00000        0.00000    
     23.1784       0.195447        0.00000        0.00000        0.00000    
     23.5553       0.177590        0.00000        0.00000        0.00000    
     23.9322       0.161461        0.00000        0.00000        0.00000    
     24.3090       0.147187        0.00000        0.00000        0.00000    
     24.6859       0.134485        0.00000        0.00000        0.00000    
     25.0628       0.122559        0.00000        0.00000        0.00000    
     25.4397       0.111960        0.00000        0.00000        0.00000    
     25.8166       0.102387        0.00000        0.00000        0.00000    
     26.1935       0.939122E-01    0.00000        0.00000        0.00000    
     26.5704       0.861850E-01    0.00000        0.00000        0.00000    
     26.9472       0.790221E-01    0.00000        0.00000        0.00000    
     27.3241       0.726794E-01    0.00000        0.00000        0.00000    
     27.7010       0.668978E-01    0.00000        0.00000        0.00000    
     28.0779       0.616053E-01    0.00000        0.00000        0.00000    
     28.4548       0.568424E-01    0.00000        0.00000        0.00000    
     28.8317       0.524723E-01    0.00000        0.00000        0.00000    
     29.2085       0.483169E-01    0.00000        0.00000        0.00000    
     29.5854       0.446559E-01    0.00000        0.00000        0.00000    
     29.9623       0.412886E-01    0.00000        0.00000        0.00000    
     30.3392       0.383875E-01    0.00000        0.00000        0.00000    
     30.7161       0.355861E-01    0.00000        0.00000        0.00000    
     31.0930       0.329125E-01    0.00000        0.00000        0.00000    
     31.4698       0.305736E-01    0.00000        0.00000        0.00000    
     31.8467       0.283859E-01    0.00000        0.00000        0.00000    
     32.2236       0.264036E-01    0.00000        0.00000        0.00000    
     32.6005       0.245319E-01    0.00000        0.00000        0.00000    
     32.9774       0.228914E-01    0.00000        0.00000        0.00000    
     33.3543       0.213032E-01    0.00000        0.00000        0.00000    
     33.7312       0.198280E-01    0.00000        0.00000        0.00000    
     34.1080       0.185089E-01    0.00000        0.00000        0.00000    
     34.4849       0.172537E-01    0.00000        0.00000        0.00000    
     34.8618       0.161299E-01    0.00000        0.00000        0.00000    
     35.2387       0.150802E-01    0.00000        0.00000        0.00000    
     35.6156       0.140685E-01    0.00000        0.00000        0.00000    
     35.9925       0.131912E-01    0.00000        0.00000        0.00000    
     36.3693       0.123424E-01    0.00000        0.00000        0.00000    
     36.7462       0.115756E-01    0.00000        0.00000        0.00000    
     37.1231       0.108262E-01    0.00000        0.00000        0.00000    
     37.5000       0.101537E-01    0.00000        0.00000        0.00000    
     37.8769       0.955103E-02    0.00000        0.00000        0.00000    
     38.2538       0.896163E-02    0.00000        0.00000        0.00000    
     38.6307       0.840352E-02    0.00000        0.00000        0.00000    
     39.0075       0.790649E-02    0.00000        0.00000        0.00000    
     39.3844       0.743868E-02    0.00000        0.00000        0.00000    
     39.7613       0.700336E-02    0.00000        0.00000        0.00000    
     40.1382       0.656921E-02    0.00000        0.00000        0.00000    
     40.5151       0.620960E-02    0.00000        0.00000        0.00000    
     40.8920       0.583919E-02    0.00000        0.00000        0.00000    
     41.2688       0.550550E-02    0.00000        0.00000        0.00000    
     41.6457       0.519282E-02    0.00000        0.00000        0.00000    
     42.0226       0.490564E-02    0.00000        0.00000        0.00000    
     42.3995       0.463573E-02    0.00000        0.00000        0.00000    
     42.7764       0.437507E-02    0.00000        0.00000        0.00000    
     43.1533       0.413329E-02    0.00000        0.00000        0.00000    
     43.5302       0.390475E-02    0.00000        0.00000        0.00000    
     43.9070       0.369967E-02    0.00000        0.00000        0.00000    
     44.2839       0.349328E-02    0.00000        0.00000        0.00000    
     44.6608       0.330186E-02    0.00000        0.00000        0.00000    
     45.0377       0.312738E-02    0.00000        0.00000        0.00000    
     45.4146       0.295926E-02    0.00000        0.00000        0.00000    
     45.7915       0.280857E-02    0.00000        0.00000        0.00000    
     46.1683       0.266643E-02    0.00000        0.00000        0.00000    
     46.5452       0.252670E-02    0.00000        0.00000        0.00000    
     46.9221       0.239918E-02    0.00000        0.00000        0.00000    
     47.2990       0.227530E-02    0.00000        0.00000        0.00000    
     47.6759       0.215736E-02    0.00000        0.00000        0.00000    
     48.0528       0.205033E-02    0.00000        0.00000        0.00000    
     48.4296       0.194653E-02    0.00000        0.00000        0.00000    
     48.8065       0.185216E-02    0.00000        0.00000        0.00000    
     49.1834       0.176110E-02    0.00000        0.00000        0.00000    
     49.5603       0.167573E-02    0.00000        0.00000        0.00000    
     49.9372       0.159122E-02    0.00000        0.00000        0.00000    
     50.3141       0.151532E-02    0.00000        0.00000        0.00000    
     50.6910       0.144323E-02    0.00000        0.00000        0.00000    
     51.0678       0.137546E-02    0.00000        0.00000        0.00000    
     51.4447       0.130923E-02    0.00000        0.00000        0.00000    
     51.8216       0.124800E-02    0.00000        0.00000        0.00000    
     52.1985       0.118915E-02    0.00000        0.00000        0.00000    
     52.5754       0.113159E-02    0.00000        0.00000        0.00000    
     52.9523       0.107972E-02    0.00000        0.00000        0.00000    
     53.3291       0.103225E-02    0.00000        0.00000        0.00000    
     53.7060       0.982255E-03    0.00000        0.00000        0.00000    
     54.0829       0.938512E-03    0.00000        0.00000        0.00000    
     54.4598       0.897282E-03    0.00000        0.00000        0.00000    
     54.8367       0.857843E-03    0.00000        0.00000        0.00000    
     55.2136       0.817267E-03    0.00000        0.00000        0.00000    
     55.5905       0.781090E-03    0.00000        0.00000        0.00000    
     55.9673       0.747277E-03    0.00000        0.00000        0.00000    
     56.3442       0.715922E-03    0.00000        0.00000        0.00000    
     56.7211       0.683472E-03    0.00000        0.00000        0.00000    
     57.0980       0.654315E-03    0.00000        0.00000        0.00000    
     57.4749       0.625926E-03    0.00000        0.00000        0.00000    
     57.8518       0.600038E-03    0.00000        0.00000        0.00000    
     58.2286       0.573574E-03    0.00000        0.00000        0.00000    
     58.6055       0.548843E-03    0.00000        0.00000        0.00000    
     58.9824       0.526725E-03    0.00000        0.00000        0.00000    
     59.3593       0.504444E-03    0.00000        0.00000        0.00000    
     59.7362       0.482806E-03    0.00000        0.00000        0.00000    
     60.1131       0.462518E-03    0.00000        0.00000        0.00000    
     60.4899       0.443098E-03    0.00000        0.00000        0.00000    
     60.8668       0.424918E-03    0.00000        0.00000        0.00000    
     61.2437       0.407529E-03    0.00000        0.00000        0.00000    
     61.6206       0.391349E-03    0.00000        0.00000        0.00000    
     61.9975       0.375939E-03    0.00000        0.00000        0.00000    
     62.3744       0.360659E-03    0.00000        0.00000        0.00000    
     62.7513       0.346258E-03    0.00000        0.00000        0.00000    
     63.1281       0.331803E-03    0.00000        0.00000        0.00000    
     63.5050       0.318971E-03    0.00000        0.00000        0.00000    
     63.8819       0.306589E-03    0.00000        0.00000        0.00000    
     64.2588       0.294341E-03    0.00000        0.00000        0.00000    
     64.6357       0.282741E-03    0.00000        0.00000        0.00000    
     65.0126       0.271834E-03    0.00000        0.00000        0.00000    
     65.3894       0.261383E-03    0.00000        0.00000        0.00000    
     65.7663       0.251352E-03    0.00000        0.00000        0.00000    
     66.1432       0.241888E-03    0.00000        0.00000        0.00000    
     66.5201       0.232340E-03    0.00000        0.00000        0.00000    
     66.8970       0.223190E-03    0.00000        0.00000        0.00000    
     67.2739       0.215219E-03    0.00000        0.00000        0.00000    
     67.6508       0.207191E-03    0.00000        0.00000        0.00000    
     68.0276       0.199013E-03    0.00000        0.00000        0.00000    
     68.4045       0.192102E-03    0.00000        0.00000        0.00000    
     68.7814       0.185107E-03    0.00000        0.00000        0.00000    
     69.1583       0.178182E-03    0.00000        0.00000        0.00000    
     69.5352       0.171394E-03    0.00000        0.00000        0.00000    
     69.9121       0.165369E-03    0.00000        0.00000        0.00000    
     70.2889       0.158993E-03    0.00000        0.00000        0.00000    
     70.6658       0.153576E-03    0.00000        0.00000        0.00000    
     71.0427       0.147516E-03    0.00000        0.00000        0.00000    
     71.4196       0.142838E-03    0.00000        0.00000        0.00000    
     71.7965       0.137504E-03    0.00000        0.00000        0.00000    
     72.1734       0.132645E-03    0.00000        0.00000        0.00000    
     72.5503       0.127738E-03    0.00000        0.00000        0.00000    
     72.9271       0.123274E-03    0.00000        0.00000        0.00000    
     73.3040       0.118888E-03    0.00000        0.00000        0.00000    
     73.6809       0.115124E-03    0.00000        0.00000        0.00000    
     74.0578       0.110912E-03    0.00000        0.00000        0.00000    
     74.4347       0.107093E-03    0.00000        0.00000        0.00000    
     74.8116       0.103426E-03    0.00000        0.00000        0.00000    
     75.1884       0.997014E-04    0.00000        0.00000        0.00000    
