    0.188442        542.537        0.00000        0.00000        0.00000    
    0.565327        968.622        0.00000        0.00000        0.00000    
    0.942211        1071.26        0.00000        0.00000        0.00000    
     1.31910        1058.85        0.00000        0.00000        0.00000    
     1.69598        976.068        0.00000        0.00000        0.00000    
     2.07286        871.412        0.00000        0.00000        0.00000    
     2.44975        751.093        0.00000        0.00000        0.00000    
     2.82663        630.944        0.00000        0.00000        0.00000    
     3.20352        520.008        0.00000        0.00000        0.00000    
     3.58040        415.530        0.00000        0.00000        0.00000    
     3.95729        325.813        0.00000        0.00000        0.00000    
     4.33417        250.900        0.00000        0.00000        0.00000    
     4.71106        189.324        0.00000        0.00000        0.00000    
     5.08794        141.096        0.00000        0.00000        0.00000    
     5.46482        105.808        0.00000        0.00000        0.00000    
     5.84171        79.3813        0.00000        0.00000        0.00000    
     6.21859        60.0241        0.00000        0.00000        0.00000    
     6.59548        45.6031        0.00000        0.00000        0.00000    
     6.97236        34.9523        0.00000        0.00000        0.00000    
     7.34925        27.0217        0.00000        0.00000        0.00000    
     7.72613        20.9795        0.00000        0.00000        0.00000    
     8.10302        16.3820        0.00000        0.00000        0.00000    
     8.47990        12.9056        0.00000        0.00000        0.00000    
     8.85678        10.2168        0.00000        0.00000        0.00000    
     9.23367        8.12261        0.00000        0.00000        0.00000    
     9.61055        6.52405        0.00000        0.00000        0.00000    
     9.98744        5.22882        0.00000        0.00000        0.00000    
     10.3643        4.24693        0.00000        0.00000        0.00000    
     10.7412        3.44866        0.00000        0.00000        0.00000    
     11.1181        2.81808        0.00000        0.00000        0.00000    
     11.4950        2.30652        0.00000        0.00000        0.00000    
     11.8719        1.90619        0.00000        0.00000        0.00000    
     12.2487        1.57399        0.00000        0.00000        0.00000    
     12.6256        1.30852        0.00000        0.00000        0.00000    
     13.0025        1.08825        0.00000        0.00000        0.00000    
     13.3794       0.914151        0.00000        0.00000        0.00000    
     13.7563       0.765037        0.00000        0.00000        0.00000    
     14.1332       0.644828        0.00000        0.00000        0.00000    
     14.5101       0.546172        0.00000        0.00000        0.00000    
     14.8869       0.463417        0.00000        0.00000        0.00000    
     15.2638       0.393929        0.00000        0.00000        0.00000    
     15.6407       0.336288        0.00000        0.00000        0.00000    
     16.0176       0.288453        0.00000        0.00000        0.00000    
     16.3945       0.246744        0.00000        0.00000        0.00000    
     16.7714       0.211881        0.00000        0.00000        0.00000    
     17.1482       0.182979        0.00000        0.00000        0.00000    
     17.5251       0.157907        0.00000        0.00000        0.00000    
     17.9020       0.136929        0.00000        0.00000        0.00000    
     18.2789       0.118946        0.00000        0.00000        0.00000    
     18.6558       0.103251        0.00000        0.00000        0.00000    
     19.0327       0.900376E-01    0.00000        0.00000        0.00000    
     19.4095       0.788088E-01    0.00000        0.00000        0.00000    
     19.7864       0.686401E-01    0.00000        0.00000        0.00000    
     20.1633       0.604095E-01    0.00000        0.00000        0.00000    
     20.5402       0.529496E-01    0.00000        0.00000        0.00000    
     20.9171       0.466903E-01    0.00000        0.00000        0.00000    
     21.2940       0.410469E-01    0.00000        0.00000        0.00000    
     21.6709       0.363626E-01    0.00000        0.00000        0.00000    
     22.0477       0.321934E-01    0.00000        0.00000        0.00000    
     22.4246       0.284326E-01    0.00000        0.00000        0.00000    
     22.8015       0.252481E-01    0.00000        0.00000        0.00000    
     23.1784       0.223962E-01    0.00000        0.00000        0.00000    
     23.5553       0.199405E-01    0.00000        0.00000        0.00000    
     23.9322       0.177299E-01    0.00000        0.00000        0.00000    
     24.3090       0.158176E-01    0.00000        0.00000        0.00000    
     24.6859       0.141303E-01    0.00000        0.00000        0.00000    
     25.0628       0.126176E-01    0.00000        0.00000        0.00000    
     25.4397       0.112886E-01    0.00000        0.00000        0.00000    
     25.8166       0.101209E-01    0.00000        0.00000        0.00000    
     26.1935       0.908971E-02    0.00000        0.00000        0.00000    
     26.5704       0.815623E-02    0.00000        0.00000        0.00000    
     26.9472       0.735105E-02    0.00000        0.00000        0.00000    
     27.3241       0.659544E-02    0.00000        0.00000        0.00000    
     27.7010       0.594433E-02    0.00000        0.00000        0.00000    
     28.0779       0.537344E-02    0.00000        0.00000        0.00000    
     28.4548       0.484113E-02    0.00000        0.00000        0.00000    
     28.8317       0.438324E-02    0.00000        0.00000        0.00000    
     29.2085       0.396563E-02    0.00000        0.00000        0.00000    
     29.5854       0.358110E-02    0.00000        0.00000        0.00000    
     29.9623       0.324668E-02    0.00000        0.00000        0.00000    
     30.3392       0.294748E-02    0.00000        0.00000        0.00000    
     30.7161       0.268063E-02    0.00000        0.00000        0.00000    
     31.0930       0.243046E-02    0.00000        0.00000        0.00000    
     31.4698       0.220871E-02    0.00000        0.00000        0.00000    
     31.8467       0.200827E-02    0.00000        0.00000        0.00000    
     32.2236       0.182576E-02    0.00000        0.00000        0.00000    
     32.6005       0.167278E-02    0.00000        0.00000        0.00000    
     32.9774       0.152400E-02    0.00000        0.00000        0.00000    
     33.3543       0.139117E-02    0.00000        0.00000        0.00000    
     33.7312       0.126883E-02    0.00000        0.00000        0.00000    
     34.1080       0.116090E-02    0.00000        0.00000        0.00000    
     34.4849       0.105752E-02    0.00000        0.00000        0.00000    
     34.8618       0.971506E-03    0.00000        0.00000        0.00000    
     35.2387       0.886283E-03    0.00000        0.00000        0.00000    
     35.6156       0.814395E-03    0.00000        0.00000        0.00000    
     35.9925       0.743944E-03    0.00000        0.00000        0.00000    
     36.3693       0.684731E-03    0.00000        0.00000        0.00000    
     36.7462       0.630266E-03    0.00000        0.00000        0.00000    
     37.1231       0.577819E-03    0.00000        0.00000        0.00000    
     37.5000       0.530870E-03    0.00000        0.00000        0.00000    
     37.8769       0.488714E-03    0.00000        0.00000        0.00000    
     38.2538       0.448039E-03    0.00000        0.00000        0.00000    
     38.6307       0.413320E-03    0.00000        0.00000        0.00000    
     39.0075       0.380729E-03    0.00000        0.00000        0.00000    
     39.3844       0.350288E-03    0.00000        0.00000        0.00000    
     39.7613       0.323834E-03    0.00000        0.00000        0.00000    
     40.1382       0.298110E-03    0.00000        0.00000        0.00000    
     40.5151       0.274673E-03    0.00000        0.00000        0.00000    
     40.8920       0.254180E-03    0.00000        0.00000        0.00000    
     41.2688       0.235085E-03    0.00000        0.00000        0.00000    
     41.6457       0.217076E-03    0.00000        0.00000        0.00000    
     42.0226       0.200212E-03    0.00000        0.00000        0.00000    
     42.3995       0.186157E-03    0.00000        0.00000        0.00000    
     42.7764       0.171249E-03    0.00000        0.00000        0.00000    
     43.1533       0.159007E-03    0.00000        0.00000        0.00000    
     43.5302       0.147505E-03    0.00000        0.00000        0.00000    
     43.9070       0.135998E-03    0.00000        0.00000        0.00000    
     44.2839       0.126453E-03    0.00000        0.00000        0.00000    
     44.6608       0.117207E-03    0.00000        0.00000        0.00000    
     45.0377       0.108925E-03    0.00000        0.00000        0.00000    
     45.4146       0.100649E-03    0.00000        0.00000        0.00000    
     45.7915       0.935943E-04    0.00000        0.00000        0.00000    
     46.1683       0.870475E-04    0.00000        0.00000        0.00000    
     46.5452       0.805884E-04    0.00000        0.00000        0.00000    
     46.9221       0.748155E-04    0.00000        0.00000        0.00000    
     47.2990       0.696596E-04    0.00000        0.00000        0.00000    
     47.6759       0.648761E-04    0.00000        0.00000        0.00000    
     48.0528       0.604774E-04    0.00000        0.00000        0.00000    
     48.4296       0.560906E-04    0.00000        0.00000        0.00000    
     48.8065       0.522183E-04    0.00000        0.00000        0.00000    
     49.1834       0.486226E-04    0.00000        0.00000        0.00000    
     49.5603       0.451198E-04    0.00000        0.00000        0.00000    
     49.9372       0.421874E-04    0.00000        0.00000        0.00000    
     50.3141       0.392139E-04    0.00000        0.00000        0.00000    
     50.6910       0.367086E-04    0.00000        0.00000        0.00000    
     51.0678       0.342352E-04    0.00000        0.00000        0.00000    
     51.4447       0.319971E-04    0.00000        0.00000        0.00000    
     51.8216       0.297066E-04    0.00000        0.00000        0.00000    
     52.1985       0.277250E-04    0.00000        0.00000        0.00000    
     52.5754       0.258964E-04    0.00000        0.00000        0.00000    
     52.9523       0.241805E-04    0.00000        0.00000        0.00000    
     53.3291       0.225969E-04    0.00000        0.00000        0.00000    
     53.7060       0.210880E-04    0.00000        0.00000        0.00000    
     54.0829       0.196753E-04    0.00000        0.00000        0.00000    
     54.4598       0.184148E-04    0.00000        0.00000        0.00000    
     54.8367       0.172704E-04    0.00000        0.00000        0.00000    
     55.2136       0.161329E-04    0.00000        0.00000        0.00000    
     55.5905       0.150382E-04    0.00000        0.00000        0.00000    
     55.9673       0.141295E-04    0.00000        0.00000        0.00000    
     56.3442       0.131821E-04    0.00000        0.00000        0.00000    
     56.7211       0.123136E-04    0.00000        0.00000        0.00000    
     57.0980       0.115525E-04    0.00000        0.00000        0.00000    
     57.4749       0.108411E-04    0.00000        0.00000        0.00000    
     57.8518       0.101405E-04    0.00000        0.00000        0.00000    
     58.2286       0.949141E-05    0.00000        0.00000        0.00000    
     58.6055       0.890573E-05    0.00000        0.00000        0.00000    
     58.9824       0.834619E-05    0.00000        0.00000        0.00000    
     59.3593       0.783008E-05    0.00000        0.00000        0.00000    
     59.7362       0.734316E-05    0.00000        0.00000        0.00000    
     60.1131       0.689131E-05    0.00000        0.00000        0.00000    
     60.4899       0.645267E-05    0.00000        0.00000        0.00000    
     60.8668       0.606814E-05    0.00000        0.00000        0.00000    
     61.2437       0.568230E-05    0.00000        0.00000        0.00000    
     61.6206       0.532626E-05    0.00000        0.00000        0.00000    
     61.9975       0.501058E-05    0.00000        0.00000        0.00000    
     62.3744       0.468710E-05    0.00000        0.00000        0.00000    
     62.7513       0.440921E-05    0.00000        0.00000        0.00000    
     63.1281       0.413901E-05    0.00000        0.00000        0.00000    
     63.5050       0.389056E-05    0.00000        0.00000        0.00000    
     63.8819       0.365115E-05    0.00000        0.00000        0.00000    
     64.2588       0.343340E-05    0.00000        0.00000        0.00000    
     64.6357       0.323542E-05    0.00000        0.00000        0.00000    
     65.0126       0.304457E-05    0.00000        0.00000        0.00000    
     65.3894       0.285184E-05    0.00000        0.00000        0.00000    
     65.7663       0.268040E-05    0.00000        0.00000        0.00000    
     66.1432       0.252030E-05    0.00000        0.00000        0.00000    
     66.5201       0.237345E-05    0.00000        0.00000        0.00000    
     66.8970       0.223297E-05    0.00000        0.00000        0.00000    
     67.2739       0.209448E-05    0.00000        0.00000        0.00000    
     67.6508       0.197103E-05    0.00000        0.00000        0.00000    
     68.0276       0.184913E-05    0.00000        0.00000        0.00000    
     68.4045       0.174451E-05    0.00000        0.00000        0.00000    
     68.7814       0.164300E-05    0.00000        0.00000        0.00000    
     69.1583       0.154669E-05    0.00000        0.00000        0.00000    
     69.5352       0.146505E-05    0.00000        0.00000        0.00000    
     69.9121       0.137542E-05    0.00000        0.00000        0.00000    
     70.2889       0.128925E-05    0.00000        0.00000        0.00000    
     70.6658       0.121867E-05    0.00000        0.00000        0.00000    
     71.0427       0.114728E-05    0.00000        0.00000        0.00000    
     71.4196       0.107845E-05    0.00000        0.00000        0.00000    
     71.7965       0.101644E-05    0.00000        0.00000        0.00000    
     72.1734       0.958382E-06    0.00000        0.00000        0.00000    
     72.5503       0.907276E-06    0.00000        0.00000        0.00000    
     72.9271       0.853303E-06    0.00000        0.00000        0.00000    
     73.3040       0.801264E-06    0.00000        0.00000        0.00000    
     73.6809       0.756292E-06    0.00000        0.00000        0.00000    
     74.0578       0.712564E-06    0.00000        0.00000        0.00000    
     74.4347       0.671109E-06    0.00000        0.00000        0.00000    
     74.8116       0.634567E-06    0.00000        0.00000        0.00000    
     75.1884       0.599434E-06    0.00000        0.00000        0.00000    
