    0.188442        655.150        0.00000        0.00000        0.00000    
    0.565327        1218.91        0.00000        0.00000        0.00000    
    0.942211        1412.30        0.00000        0.00000        0.00000    
     1.31910        1456.78        0.00000        0.00000        0.00000    
     1.69598        1412.62        0.00000        0.00000        0.00000    
     2.07286        1326.45        0.00000        0.00000        0.00000    
     2.44975        1196.12        0.00000        0.00000        0.00000    
     2.82663        1054.60        0.00000        0.00000        0.00000    
     3.20352        902.571        0.00000        0.00000        0.00000    
     3.58040        755.755        0.00000        0.00000        0.00000    
     3.95729        618.067        0.00000        0.00000        0.00000    
     4.33417        495.630        0.00000        0.00000        0.00000    
     4.71106        388.808        0.00000        0.00000        0.00000    
     5.08794        301.031        0.00000        0.00000        0.00000    
     5.46482        233.036        0.00000        0.00000        0.00000    
     5.84171        180.983        0.00000        0.00000        0.00000    
     6.21859        142.064        0.00000        0.00000        0.00000    
     6.59548        111.581        0.00000        0.00000        0.00000    
     6.97236        88.2116        0.00000        0.00000        0.00000    
     7.34925        70.2968        0.00000        0.00000        0.00000    
     7.72613        56.2602        0.00000        0.00000        0.00000    
     8.10302        45.3822        0.00000        0.00000        0.00000    
     8.47990        36.5492        0.00000        0.00000        0.00000    
     8.85678        29.9106        0.00000        0.00000        0.00000    
     9.23367        24.3766        0.00000        0.00000        0.00000    
     9.61055        20.1149        0.00000        0.00000        0.00000    
     9.98744        16.5572        0.00000        0.00000        0.00000    
     10.3643        13.7818        0.00000        0.00000        0.00000    
     10.7412        11.4792        0.00000        0.00000        0.00000    
     11.1181        9.60674        0.00000        0.00000        0.00000    
     11.4950        8.07621        0.00000        0.00000        0.00000    
     11.8719        6.80956        0.00000        0.00000        0.00000    
     12.2487        5.76486        0.00000        0.00000        0.00000    
     12.6256        4.90953        0.00000        0.00000        0.00000    
     13.0025        4.19388        0.00000        0.00000        0.00000    
     13.3794        3.58575        0.00000        0.00000        0.00000    
     13.7563        3.08369        0.00000        0.00000        0.00000    
     14.1332        2.65388        0.00000        0.00000        0.00000    
     14.5101        2.29983        0.00000        0.00000        0.00000    
     14.8869        1.98845        0.00000        0.00000        0.00000    
     15.2638        1.73009        0.00000        0.00000        0.00000    
     15.6407        1.50641        0.00000        0.00000        0.00000    
     16.0176        1.31983        0.00000        0.00000        0.00000    
     16.3945        1.15328        0.00000        0.00000        0.00000    
     16.7714        1.01277        0.00000        0.00000        0.00000    
     17.1482       0.891683        0.00000        0.00000        0.00000    
     17.5251       0.785589        0.00000        0.00000        0.00000    
     17.9020       0.695484        0.00000        0.00000        0.00000    
     18.2789       0.616426        0.00000        0.00000        0.00000    
     18.6558       0.545915        0.00000        0.00000        0.00000    
     19.0327       0.485297        0.00000        0.00000        0.00000    
     19.4095       0.432422        0.00000        0.00000        0.00000    
     19.7864       0.385011        0.00000        0.00000        0.00000    
     20.1633       0.344566        0.00000        0.00000        0.00000    
     20.5402       0.308745        0.00000        0.00000        0.00000    
     20.9171       0.277176        0.00000        0.00000        0.00000    
     21.2940       0.249033        0.00000        0.00000        0.00000    
     21.6709       0.224147        0.00000        0.00000        0.00000    
     22.0477       0.201960        0.00000        0.00000        0.00000    
     22.4246       0.182731        0.00000        0.00000        0.00000    
     22.8015       0.164737        0.00000        0.00000        0.00000    
     23.1784       0.148979        0.00000        0.00000        0.00000    
     23.5553       0.135093        0.00000        0.00000        0.00000    
     23.9322       0.122697        0.00000        0.00000        0.00000    
     24.3090       0.111318        0.00000        0.00000        0.00000    
     24.6859       0.101424        0.00000        0.00000        0.00000    
     25.0628       0.924145E-01    0.00000        0.00000        0.00000    
     25.4397       0.842497E-01    0.00000        0.00000        0.00000    
     25.8166       0.767618E-01    0.00000        0.00000        0.00000    
     26.1935       0.702638E-01    0.00000        0.00000        0.00000    
     26.5704       0.642405E-01    0.00000        0.00000        0.00000    
     26.9472       0.590072E-01    0.00000        0.00000        0.00000    
     27.3241       0.539742E-01    0.00000        0.00000        0.00000    
     27.7010       0.494698E-01    0.00000        0.00000        0.00000    
     28.0779       0.455590E-01    0.00000        0.00000        0.00000    
     28.4548       0.418663E-01    0.00000        0.00000        0.00000    
     28.8317       0.385966E-01    0.00000        0.00000        0.00000    
     29.2085       0.354525E-01    0.00000        0.00000        0.00000    
     29.5854       0.327830E-01    0.00000        0.00000        0.00000    
     29.9623       0.302648E-01    0.00000        0.00000        0.00000    
     30.3392       0.279117E-01    0.00000        0.00000        0.00000    
     30.7161       0.258431E-01    0.00000        0.00000        0.00000    
     31.0930       0.238459E-01    0.00000        0.00000        0.00000    
     31.4698       0.221328E-01    0.00000        0.00000        0.00000    
     31.8467       0.204575E-01    0.00000        0.00000        0.00000    
     32.2236       0.190143E-01    0.00000        0.00000        0.00000    
     32.6005       0.175995E-01    0.00000        0.00000        0.00000    
     32.9774       0.163699E-01    0.00000        0.00000        0.00000    
     33.3543       0.152059E-01    0.00000        0.00000        0.00000    
     33.7312       0.141490E-01    0.00000        0.00000        0.00000    
     34.1080       0.131786E-01    0.00000        0.00000        0.00000    
     34.4849       0.122601E-01    0.00000        0.00000        0.00000    
     34.8618       0.114445E-01    0.00000        0.00000        0.00000    
     35.2387       0.106847E-01    0.00000        0.00000        0.00000    
     35.6156       0.992997E-02    0.00000        0.00000        0.00000    
     35.9925       0.930347E-02    0.00000        0.00000        0.00000    
     36.3693       0.868636E-02    0.00000        0.00000        0.00000    
     36.7462       0.812248E-02    0.00000        0.00000        0.00000    
     37.1231       0.759288E-02    0.00000        0.00000        0.00000    
     37.5000       0.712721E-02    0.00000        0.00000        0.00000    
     37.8769       0.666015E-02    0.00000        0.00000        0.00000    
     38.2538       0.624010E-02    0.00000        0.00000        0.00000    
     38.6307       0.584684E-02    0.00000        0.00000        0.00000    
     39.0075       0.547923E-02    0.00000        0.00000        0.00000    
     39.3844       0.515954E-02    0.00000        0.00000        0.00000    
     39.7613       0.483012E-02    0.00000        0.00000        0.00000    
     40.1382       0.454264E-02    0.00000        0.00000        0.00000    
     40.5151       0.426611E-02    0.00000        0.00000        0.00000    
     40.8920       0.401867E-02    0.00000        0.00000        0.00000    
     41.2688       0.377692E-02    0.00000        0.00000        0.00000    
     41.6457       0.355813E-02    0.00000        0.00000        0.00000    
     42.0226       0.334951E-02    0.00000        0.00000        0.00000    
     42.3995       0.316162E-02    0.00000        0.00000        0.00000    
     42.7764       0.297287E-02    0.00000        0.00000        0.00000    
     43.1533       0.280518E-02    0.00000        0.00000        0.00000    
     43.5302       0.264532E-02    0.00000        0.00000        0.00000    
     43.9070       0.249850E-02    0.00000        0.00000        0.00000    
     44.2839       0.235863E-02    0.00000        0.00000        0.00000    
     44.6608       0.222719E-02    0.00000        0.00000        0.00000    
     45.0377       0.210834E-02    0.00000        0.00000        0.00000    
     45.4146       0.199490E-02    0.00000        0.00000        0.00000    
     45.7915       0.188407E-02    0.00000        0.00000        0.00000    
     46.1683       0.178192E-02    0.00000        0.00000        0.00000    
     46.5452       0.169023E-02    0.00000        0.00000        0.00000    
     46.9221       0.159846E-02    0.00000        0.00000        0.00000    
     47.2990       0.151228E-02    0.00000        0.00000        0.00000    
     47.6759       0.143376E-02    0.00000        0.00000        0.00000    
     48.0528       0.135673E-02    0.00000        0.00000        0.00000    
     48.4296       0.128884E-02    0.00000        0.00000        0.00000    
     48.8065       0.122190E-02    0.00000        0.00000        0.00000    
     49.1834       0.115844E-02    0.00000        0.00000        0.00000    
     49.5603       0.110314E-02    0.00000        0.00000        0.00000    
     49.9372       0.104599E-02    0.00000        0.00000        0.00000    
     50.3141       0.995966E-03    0.00000        0.00000        0.00000    
     50.6910       0.944436E-03    0.00000        0.00000        0.00000    
     51.0678       0.897855E-03    0.00000        0.00000        0.00000    
     51.4447       0.854364E-03    0.00000        0.00000        0.00000    
     51.8216       0.811978E-03    0.00000        0.00000        0.00000    
     52.1985       0.773556E-03    0.00000        0.00000        0.00000    
     52.5754       0.735069E-03    0.00000        0.00000        0.00000    
     52.9523       0.698767E-03    0.00000        0.00000        0.00000    
     53.3291       0.665971E-03    0.00000        0.00000        0.00000    
     53.7060       0.634968E-03    0.00000        0.00000        0.00000    
     54.0829       0.606133E-03    0.00000        0.00000        0.00000    
     54.4598       0.576261E-03    0.00000        0.00000        0.00000    
     54.8367       0.549868E-03    0.00000        0.00000        0.00000    
     55.2136       0.523454E-03    0.00000        0.00000        0.00000    
     55.5905       0.501067E-03    0.00000        0.00000        0.00000    
     55.9673       0.477537E-03    0.00000        0.00000        0.00000    
     56.3442       0.455575E-03    0.00000        0.00000        0.00000    
     56.7211       0.434560E-03    0.00000        0.00000        0.00000    
     57.0980       0.415241E-03    0.00000        0.00000        0.00000    
     57.4749       0.396517E-03    0.00000        0.00000        0.00000    
     57.8518       0.379245E-03    0.00000        0.00000        0.00000    
     58.2286       0.362738E-03    0.00000        0.00000        0.00000    
     58.6055       0.346519E-03    0.00000        0.00000        0.00000    
     58.9824       0.330698E-03    0.00000        0.00000        0.00000    
     59.3593       0.316510E-03    0.00000        0.00000        0.00000    
     59.7362       0.303386E-03    0.00000        0.00000        0.00000    
     60.1131       0.289536E-03    0.00000        0.00000        0.00000    
     60.4899       0.277053E-03    0.00000        0.00000        0.00000    
     60.8668       0.265765E-03    0.00000        0.00000        0.00000    
     61.2437       0.253832E-03    0.00000        0.00000        0.00000    
     61.6206       0.243797E-03    0.00000        0.00000        0.00000    
     61.9975       0.233246E-03    0.00000        0.00000        0.00000    
     62.3744       0.223857E-03    0.00000        0.00000        0.00000    
     62.7513       0.214788E-03    0.00000        0.00000        0.00000    
     63.1281       0.205556E-03    0.00000        0.00000        0.00000    
     63.5050       0.197041E-03    0.00000        0.00000        0.00000    
     63.8819       0.189204E-03    0.00000        0.00000        0.00000    
     64.2588       0.181176E-03    0.00000        0.00000        0.00000    
     64.6357       0.173644E-03    0.00000        0.00000        0.00000    
     65.0126       0.166610E-03    0.00000        0.00000        0.00000    
     65.3894       0.160216E-03    0.00000        0.00000        0.00000    
     65.7663       0.153786E-03    0.00000        0.00000        0.00000    
     66.1432       0.147496E-03    0.00000        0.00000        0.00000    
     66.5201       0.141842E-03    0.00000        0.00000        0.00000    
     66.8970       0.136195E-03    0.00000        0.00000        0.00000    
     67.2739       0.130740E-03    0.00000        0.00000        0.00000    
     67.6508       0.125545E-03    0.00000        0.00000        0.00000    
     68.0276       0.120707E-03    0.00000        0.00000        0.00000    
     68.4045       0.115927E-03    0.00000        0.00000        0.00000    
     68.7814       0.111723E-03    0.00000        0.00000        0.00000    
     69.1583       0.107220E-03    0.00000        0.00000        0.00000    
     69.5352       0.103245E-03    0.00000        0.00000        0.00000    
     69.9121       0.991977E-04    0.00000        0.00000        0.00000    
     70.2889       0.954578E-04    0.00000        0.00000        0.00000    
     70.6658       0.919674E-04    0.00000        0.00000        0.00000    
     71.0427       0.884118E-04    0.00000        0.00000        0.00000    
     71.4196       0.850901E-04    0.00000        0.00000        0.00000    
     71.7965       0.822107E-04    0.00000        0.00000        0.00000    
     72.1734       0.791301E-04    0.00000        0.00000        0.00000    
     72.5503       0.759751E-04    0.00000        0.00000        0.00000    
     72.9271       0.732871E-04    0.00000        0.00000        0.00000    
     73.3040       0.706972E-04    0.00000        0.00000        0.00000    
     73.6809       0.679998E-04    0.00000        0.00000        0.00000    
     74.0578       0.656368E-04    0.00000        0.00000        0.00000    
     74.4347       0.631738E-04    0.00000        0.00000        0.00000    
     74.8116       0.608856E-04    0.00000        0.00000        0.00000    
     75.1884       0.587949E-04    0.00000        0.00000        0.00000    
