    0.502513E-01    288.860        0.00000        0.00000        0.00000    
    0.150754        649.623        0.00000        0.00000        0.00000    
    0.251256        885.100        0.00000        0.00000        0.00000    
    0.351759        1058.35        0.00000        0.00000        0.00000    
    0.452261        1193.04        0.00000        0.00000        0.00000    
    0.552764        1297.17        0.00000        0.00000        0.00000    
    0.653266        1374.79        0.00000        0.00000        0.00000    
    0.753769        1437.10        0.00000        0.00000        0.00000    
    0.854271        1485.52        0.00000        0.00000        0.00000    
    0.954774        1516.47        0.00000        0.00000        0.00000    
     1.05528        1535.67        0.00000        0.00000        0.00000    
     1.15578        1551.49        0.00000        0.00000        0.00000    
     1.25628        1553.29        0.00000        0.00000        0.00000    
     1.35678        1555.31        0.00000        0.00000        0.00000    
     1.45729        1549.21        0.00000        0.00000        0.00000    
     1.55779        1536.81        0.00000        0.00000        0.00000    
     1.65829        1518.00        0.00000        0.00000        0.00000    
     1.75879        1495.10        0.00000        0.00000        0.00000    
     1.85930        1468.24        0.00000        0.00000        0.00000    
     1.95980        1440.04        0.00000        0.00000        0.00000    
     2.06030        1412.71        0.00000        0.00000        0.00000    
     2.16080        1374.29        0.00000        0.00000        0.00000    
     2.26131        1342.45        0.00000        0.00000        0.00000    
     2.36181        1301.46        0.00000        0.00000        0.00000    
     2.46231        1263.47        0.00000        0.00000        0.00000    
     2.56281        1220.83        0.00000        0.00000        0.00000    
     2.66332        1178.99        0.00000        0.00000        0.00000    
     2.76382        1135.75        0.00000        0.00000        0.00000    
     2.86432        1090.72        0.00000        0.00000        0.00000    
     2.96482        1048.08        0.00000        0.00000        0.00000    
     3.06533        1004.37        0.00000        0.00000        0.00000    
     3.16583        958.909        0.00000        0.00000        0.00000    
     3.26633        916.392        0.00000        0.00000        0.00000    
     3.36683        872.419        0.00000        0.00000        0.00000    
     3.46734        830.365        0.00000        0.00000        0.00000    
     3.56784        788.253        0.00000        0.00000        0.00000    
     3.66834        746.661        0.00000        0.00000        0.00000    
     3.76884        705.567        0.00000        0.00000        0.00000    
     3.86935        666.050        0.00000        0.00000        0.00000    
     3.96985        627.924        0.00000        0.00000        0.00000    
     4.07035        591.879        0.00000        0.00000        0.00000    
     4.17085        556.003        0.00000        0.00000        0.00000    
     4.27136        521.469        0.00000        0.00000        0.00000    
     4.37186        488.842        0.00000        0.00000        0.00000    
     4.47236        457.548        0.00000        0.00000        0.00000    
     4.57286        427.821        0.00000        0.00000        0.00000    
     4.67337        400.019        0.00000        0.00000        0.00000    
     4.77387        372.502        0.00000        0.00000        0.00000    
     4.87437        346.360        0.00000        0.00000        0.00000    
     4.97487        322.606        0.00000        0.00000        0.00000    
     5.07538        299.538        0.00000        0.00000        0.00000    
     5.17588        279.049        0.00000        0.00000        0.00000    
     5.27638        260.083        0.00000        0.00000        0.00000    
     5.37688        242.160        0.00000        0.00000        0.00000    
     5.47739        225.605        0.00000        0.00000        0.00000    
     5.57789        210.454        0.00000        0.00000        0.00000    
     5.67839        196.389        0.00000        0.00000        0.00000    
     5.77889        183.134        0.00000        0.00000        0.00000    
     5.87940        171.163        0.00000        0.00000        0.00000    
     5.97990        159.334        0.00000        0.00000        0.00000    
     6.08040        149.651        0.00000        0.00000        0.00000    
     6.18090        139.604        0.00000        0.00000        0.00000    
     6.28141        130.571        0.00000        0.00000        0.00000    
     6.38191        122.447        0.00000        0.00000        0.00000    
     6.48241        114.582        0.00000        0.00000        0.00000    
     6.58291        107.227        0.00000        0.00000        0.00000    
     6.68342        100.532        0.00000        0.00000        0.00000    
     6.78392        94.2626        0.00000        0.00000        0.00000    
     6.88442        88.4725        0.00000        0.00000        0.00000    
     6.98492        83.0199        0.00000        0.00000        0.00000    
     7.08543        77.9533        0.00000        0.00000        0.00000    
     7.18593        73.4258        0.00000        0.00000        0.00000    
     7.28643        69.1799        0.00000        0.00000        0.00000    
     7.38693        64.9963        0.00000        0.00000        0.00000    
     7.48744        60.9556        0.00000        0.00000        0.00000    
     7.58794        57.4530        0.00000        0.00000        0.00000    
     7.68844        54.0959        0.00000        0.00000        0.00000    
     7.78894        50.9319        0.00000        0.00000        0.00000    
     7.88945        47.9171        0.00000        0.00000        0.00000    
     7.98995        45.2943        0.00000        0.00000        0.00000    
     8.09045        42.7125        0.00000        0.00000        0.00000    
     8.19095        40.3349        0.00000        0.00000        0.00000    
     8.29146        38.1363        0.00000        0.00000        0.00000    
     8.39196        36.0280        0.00000        0.00000        0.00000    
     8.49246        33.9713        0.00000        0.00000        0.00000    
     8.59296        32.1265        0.00000        0.00000        0.00000    
     8.69347        30.4519        0.00000        0.00000        0.00000    
     8.79397        28.7924        0.00000        0.00000        0.00000    
     8.89447        27.2565        0.00000        0.00000        0.00000    
     8.99497        25.8158        0.00000        0.00000        0.00000    
     9.09548        24.4777        0.00000        0.00000        0.00000    
     9.19598        23.1751        0.00000        0.00000        0.00000    
     9.29648        21.9708        0.00000        0.00000        0.00000    
     9.39698        20.7939        0.00000        0.00000        0.00000    
     9.49749        19.7903        0.00000        0.00000        0.00000    
     9.59799        18.7757        0.00000        0.00000        0.00000    
     9.69849        17.8297        0.00000        0.00000        0.00000    
     9.79899        16.9255        0.00000        0.00000        0.00000    
     9.89950        16.1067        0.00000        0.00000        0.00000    
     10.0000        15.2886        0.00000        0.00000        0.00000    
     10.1005        14.5385        0.00000        0.00000        0.00000    
     10.2010        13.8230        0.00000        0.00000        0.00000    
     10.3015        13.1638        0.00000        0.00000        0.00000    
     10.4020        12.5247        0.00000        0.00000        0.00000    
     10.5025        11.9069        0.00000        0.00000        0.00000    
     10.6030        11.3479        0.00000        0.00000        0.00000    
     10.7035        10.8140        0.00000        0.00000        0.00000    
     10.8040        10.3093        0.00000        0.00000        0.00000    
     10.9045        9.82020        0.00000        0.00000        0.00000    
     11.0050        9.37066        0.00000        0.00000        0.00000    
     11.1055        8.94812        0.00000        0.00000        0.00000    
     11.2060        8.54716        0.00000        0.00000        0.00000    
     11.3065        8.15829        0.00000        0.00000        0.00000    
     11.4070        7.77748        0.00000        0.00000        0.00000    
     11.5075        7.44306        0.00000        0.00000        0.00000    
     11.6080        7.10509        0.00000        0.00000        0.00000    
     11.7085        6.79036        0.00000        0.00000        0.00000    
     11.8090        6.49608        0.00000        0.00000        0.00000    
     11.9095        6.20233        0.00000        0.00000        0.00000    
     12.0101        5.93265        0.00000        0.00000        0.00000    
     12.1106        5.69423        0.00000        0.00000        0.00000    
     12.2111        5.43265        0.00000        0.00000        0.00000    
     12.3116        5.20857        0.00000        0.00000        0.00000    
     12.4121        4.99089        0.00000        0.00000        0.00000    
     12.5126        4.77950        0.00000        0.00000        0.00000    
     12.6131        4.58877        0.00000        0.00000        0.00000    
     12.7136        4.38731        0.00000        0.00000        0.00000    
     12.8141        4.19471        0.00000        0.00000        0.00000    
     12.9146        4.03870        0.00000        0.00000        0.00000    
     13.0151        3.86325        0.00000        0.00000        0.00000    
     13.1156        3.70610        0.00000        0.00000        0.00000    
     13.2161        3.55703        0.00000        0.00000        0.00000    
     13.3166        3.41397        0.00000        0.00000        0.00000    
     13.4171        3.27932        0.00000        0.00000        0.00000    
     13.5176        3.13974        0.00000        0.00000        0.00000    
     13.6181        3.01944        0.00000        0.00000        0.00000    
     13.7186        2.89476        0.00000        0.00000        0.00000    
     13.8191        2.78962        0.00000        0.00000        0.00000    
     13.9196        2.68082        0.00000        0.00000        0.00000    
     14.0201        2.57615        0.00000        0.00000        0.00000    
     14.1206        2.48038        0.00000        0.00000        0.00000    
     14.2211        2.38384        0.00000        0.00000        0.00000    
     14.3216        2.29222        0.00000        0.00000        0.00000    
     14.4221        2.20233        0.00000        0.00000        0.00000    
     14.5226        2.11935        0.00000        0.00000        0.00000    
     14.6231        2.04260        0.00000        0.00000        0.00000    
     14.7236        1.96775        0.00000        0.00000        0.00000    
     14.8241        1.89267        0.00000        0.00000        0.00000    
     14.9246        1.81732        0.00000        0.00000        0.00000    
     15.0251        1.75583        0.00000        0.00000        0.00000    
     15.1256        1.69020        0.00000        0.00000        0.00000    
     15.2261        1.62893        0.00000        0.00000        0.00000    
     15.3266        1.57346        0.00000        0.00000        0.00000    
     15.4271        1.51594        0.00000        0.00000        0.00000    
     15.5276        1.46329        0.00000        0.00000        0.00000    
     15.6281        1.40966        0.00000        0.00000        0.00000    
     15.7286        1.35838        0.00000        0.00000        0.00000    
     15.8291        1.31636        0.00000        0.00000        0.00000    
     15.9296        1.26665        0.00000        0.00000        0.00000    
     16.0302        1.21993        0.00000        0.00000        0.00000    
     16.1307        1.17976        0.00000        0.00000        0.00000    
     16.2312        1.13882        0.00000        0.00000        0.00000    
     16.3317        1.10151        0.00000        0.00000        0.00000    
     16.4322        1.06148        0.00000        0.00000        0.00000    
     16.5327        1.02619        0.00000        0.00000        0.00000    
     16.6332       0.992551        0.00000        0.00000        0.00000    
     16.7337       0.957165        0.00000        0.00000        0.00000    
     16.8342       0.924394        0.00000        0.00000        0.00000    
     16.9347       0.892823        0.00000        0.00000        0.00000    
     17.0352       0.865470        0.00000        0.00000        0.00000    
     17.1357       0.835424        0.00000        0.00000        0.00000    
     17.2362       0.809605        0.00000        0.00000        0.00000    
     17.3367       0.783251        0.00000        0.00000        0.00000    
     17.4372       0.755491        0.00000        0.00000        0.00000    
     17.5377       0.733743        0.00000        0.00000        0.00000    
     17.6382       0.709364        0.00000        0.00000        0.00000    
     17.7387       0.684911        0.00000        0.00000        0.00000    
     17.8392       0.664227        0.00000        0.00000        0.00000    
     17.9397       0.643651        0.00000        0.00000        0.00000    
     18.0402       0.622761        0.00000        0.00000        0.00000    
     18.1407       0.602093        0.00000        0.00000        0.00000    
     18.2412       0.582936        0.00000        0.00000        0.00000    
     18.3417       0.565439        0.00000        0.00000        0.00000    
     18.4422       0.548161        0.00000        0.00000        0.00000    
     18.5427       0.530252        0.00000        0.00000        0.00000    
     18.6432       0.516089        0.00000        0.00000        0.00000    
     18.7437       0.498572        0.00000        0.00000        0.00000    
     18.8442       0.483030        0.00000        0.00000        0.00000    
     18.9447       0.469044        0.00000        0.00000        0.00000    
     19.0452       0.454125        0.00000        0.00000        0.00000    
     19.1457       0.439886        0.00000        0.00000        0.00000    
     19.2462       0.428029        0.00000        0.00000        0.00000    
     19.3467       0.414196        0.00000        0.00000        0.00000    
     19.4472       0.402089        0.00000        0.00000        0.00000    
     19.5477       0.390549        0.00000        0.00000        0.00000    
     19.6482       0.378996        0.00000        0.00000        0.00000    
     19.7487       0.368613        0.00000        0.00000        0.00000    
     19.8492       0.356692        0.00000        0.00000        0.00000    
     19.9497       0.346850        0.00000        0.00000        0.00000    
     20.0503       0.336814        0.00000        0.00000        0.00000    
