    0.502513E-01    292.516        0.00000        0.00000        0.00000    
    0.150754        648.158        0.00000        0.00000        0.00000    
    0.251256        876.693        0.00000        0.00000        0.00000    
    0.351759        1044.49        0.00000        0.00000        0.00000    
    0.452261        1163.48        0.00000        0.00000        0.00000    
    0.552764        1256.20        0.00000        0.00000        0.00000    
    0.653266        1326.95        0.00000        0.00000        0.00000    
    0.753769        1373.98        0.00000        0.00000        0.00000    
    0.854271        1406.74        0.00000        0.00000        0.00000    
    0.954774        1426.99        0.00000        0.00000        0.00000    
     1.05528        1440.52        0.00000        0.00000        0.00000    
     1.15578        1440.63        0.00000        0.00000        0.00000    
     1.25628        1438.12        0.00000        0.00000        0.00000    
     1.35678        1423.68        0.00000        0.00000        0.00000    
     1.45729        1407.31        0.00000        0.00000        0.00000    
     1.55779        1386.14        0.00000        0.00000        0.00000    
     1.65829        1361.75        0.00000        0.00000        0.00000    
     1.75879        1336.66        0.00000        0.00000        0.00000    
     1.85930        1305.51        0.00000        0.00000        0.00000    
     1.95980        1267.35        0.00000        0.00000        0.00000    
     2.06030        1231.93        0.00000        0.00000        0.00000    
     2.16080        1194.02        0.00000        0.00000        0.00000    
     2.26131        1157.24        0.00000        0.00000        0.00000    
     2.36181        1115.14        0.00000        0.00000        0.00000    
     2.46231        1078.27        0.00000        0.00000        0.00000    
     2.56281        1032.70        0.00000        0.00000        0.00000    
     2.66332        992.492        0.00000        0.00000        0.00000    
     2.76382        952.288        0.00000        0.00000        0.00000    
     2.86432        908.041        0.00000        0.00000        0.00000    
     2.96482        868.050        0.00000        0.00000        0.00000    
     3.06533        826.426        0.00000        0.00000        0.00000    
     3.16583        786.733        0.00000        0.00000        0.00000    
     3.26633        746.960        0.00000        0.00000        0.00000    
     3.36683        706.963        0.00000        0.00000        0.00000    
     3.46734        666.330        0.00000        0.00000        0.00000    
     3.56784        631.440        0.00000        0.00000        0.00000    
     3.66834        594.760        0.00000        0.00000        0.00000    
     3.76884        562.130        0.00000        0.00000        0.00000    
     3.86935        527.345        0.00000        0.00000        0.00000    
     3.96985        495.204        0.00000        0.00000        0.00000    
     4.07035        464.521        0.00000        0.00000        0.00000    
     4.17085        433.564        0.00000        0.00000        0.00000    
     4.27136        405.000        0.00000        0.00000        0.00000    
     4.37186        377.198        0.00000        0.00000        0.00000    
     4.47236        352.830        0.00000        0.00000        0.00000    
     4.57286        328.940        0.00000        0.00000        0.00000    
     4.67337        304.957        0.00000        0.00000        0.00000    
     4.77387        284.309        0.00000        0.00000        0.00000    
     4.87437        263.838        0.00000        0.00000        0.00000    
     4.97487        243.202        0.00000        0.00000        0.00000    
     5.07538        226.106        0.00000        0.00000        0.00000    
     5.17588        210.087        0.00000        0.00000        0.00000    
     5.27638        194.417        0.00000        0.00000        0.00000    
     5.37688        180.609        0.00000        0.00000        0.00000    
     5.47739        167.567        0.00000        0.00000        0.00000    
     5.57789        155.589        0.00000        0.00000        0.00000    
     5.67839        144.756        0.00000        0.00000        0.00000    
     5.77889        134.528        0.00000        0.00000        0.00000    
     5.87940        124.627        0.00000        0.00000        0.00000    
     5.97990        116.399        0.00000        0.00000        0.00000    
     6.08040        108.041        0.00000        0.00000        0.00000    
     6.18090        100.784        0.00000        0.00000        0.00000    
     6.28141        93.9674        0.00000        0.00000        0.00000    
     6.38191        87.6713        0.00000        0.00000        0.00000    
     6.48241        81.5666        0.00000        0.00000        0.00000    
     6.58291        76.3327        0.00000        0.00000        0.00000    
     6.68342        71.0017        0.00000        0.00000        0.00000    
     6.78392        66.3834        0.00000        0.00000        0.00000    
     6.88442        62.1312        0.00000        0.00000        0.00000    
     6.98492        58.0183        0.00000        0.00000        0.00000    
     7.08543        54.3635        0.00000        0.00000        0.00000    
     7.18593        50.8777        0.00000        0.00000        0.00000    
     7.28643        47.5858        0.00000        0.00000        0.00000    
     7.38693        44.5405        0.00000        0.00000        0.00000    
     7.48744        41.7379        0.00000        0.00000        0.00000    
     7.58794        39.1365        0.00000        0.00000        0.00000    
     7.68844        36.9155        0.00000        0.00000        0.00000    
     7.78894        34.5653        0.00000        0.00000        0.00000    
     7.88945        32.4385        0.00000        0.00000        0.00000    
     7.98995        30.4546        0.00000        0.00000        0.00000    
     8.09045        28.6012        0.00000        0.00000        0.00000    
     8.19095        26.9241        0.00000        0.00000        0.00000    
     8.29146        25.3216        0.00000        0.00000        0.00000    
     8.39196        23.9164        0.00000        0.00000        0.00000    
     8.49246        22.5334        0.00000        0.00000        0.00000    
     8.59296        21.1733        0.00000        0.00000        0.00000    
     8.69347        19.9532        0.00000        0.00000        0.00000    
     8.79397        18.7932        0.00000        0.00000        0.00000    
     8.89447        17.7340        0.00000        0.00000        0.00000    
     8.99497        16.7278        0.00000        0.00000        0.00000    
     9.09548        15.8338        0.00000        0.00000        0.00000    
     9.19598        14.9432        0.00000        0.00000        0.00000    
     9.29648        14.0819        0.00000        0.00000        0.00000    
     9.39698        13.2964        0.00000        0.00000        0.00000    
     9.49749        12.5844        0.00000        0.00000        0.00000    
     9.59799        11.9332        0.00000        0.00000        0.00000    
     9.69849        11.2385        0.00000        0.00000        0.00000    
     9.79899        10.6352        0.00000        0.00000        0.00000    
     9.89950        10.0864        0.00000        0.00000        0.00000    
     10.0000        9.57225        0.00000        0.00000        0.00000    
     10.1005        9.05077        0.00000        0.00000        0.00000    
     10.2010        8.58045        0.00000        0.00000        0.00000    
     10.3015        8.14924        0.00000        0.00000        0.00000    
     10.4020        7.72358        0.00000        0.00000        0.00000    
     10.5025        7.32101        0.00000        0.00000        0.00000    
     10.6030        6.95112        0.00000        0.00000        0.00000    
     10.7035        6.62693        0.00000        0.00000        0.00000    
     10.8040        6.28707        0.00000        0.00000        0.00000    
     10.9045        5.95864        0.00000        0.00000        0.00000    
     11.0050        5.67343        0.00000        0.00000        0.00000    
     11.1055        5.39851        0.00000        0.00000        0.00000    
     11.2060        5.11270        0.00000        0.00000        0.00000    
     11.3065        4.89954        0.00000        0.00000        0.00000    
     11.4070        4.64365        0.00000        0.00000        0.00000    
     11.5075        4.42012        0.00000        0.00000        0.00000    
     11.6080        4.22341        0.00000        0.00000        0.00000    
     11.7085        4.01211        0.00000        0.00000        0.00000    
     11.8090        3.81860        0.00000        0.00000        0.00000    
     11.9095        3.63766        0.00000        0.00000        0.00000    
     12.0101        3.47314        0.00000        0.00000        0.00000    
     12.1106        3.30622        0.00000        0.00000        0.00000    
     12.2111        3.17043        0.00000        0.00000        0.00000    
     12.3116        3.01602        0.00000        0.00000        0.00000    
     12.4121        2.88198        0.00000        0.00000        0.00000    
     12.5126        2.74938        0.00000        0.00000        0.00000    
     12.6131        2.62260        0.00000        0.00000        0.00000    
     12.7136        2.51208        0.00000        0.00000        0.00000    
     12.8141        2.39915        0.00000        0.00000        0.00000    
     12.9146        2.29100        0.00000        0.00000        0.00000    
     13.0151        2.19423        0.00000        0.00000        0.00000    
     13.1156        2.09275        0.00000        0.00000        0.00000    
     13.2161        1.99960        0.00000        0.00000        0.00000    
     13.3166        1.91594        0.00000        0.00000        0.00000    
     13.4171        1.83318        0.00000        0.00000        0.00000    
     13.5176        1.75876        0.00000        0.00000        0.00000    
     13.6181        1.67951        0.00000        0.00000        0.00000    
     13.7186        1.60720        0.00000        0.00000        0.00000    
     13.8191        1.54525        0.00000        0.00000        0.00000    
     13.9196        1.47808        0.00000        0.00000        0.00000    
     14.0201        1.41409        0.00000        0.00000        0.00000    
     14.1206        1.35652        0.00000        0.00000        0.00000    
     14.2211        1.30144        0.00000        0.00000        0.00000    
     14.3216        1.24753        0.00000        0.00000        0.00000    
     14.4221        1.19751        0.00000        0.00000        0.00000    
     14.5226        1.15196        0.00000        0.00000        0.00000    
     14.6231        1.10098        0.00000        0.00000        0.00000    
     14.7236        1.05787        0.00000        0.00000        0.00000    
     14.8241        1.01531        0.00000        0.00000        0.00000    
     14.9246       0.974900        0.00000        0.00000        0.00000    
     15.0251       0.938922        0.00000        0.00000        0.00000    
     15.1256       0.902738        0.00000        0.00000        0.00000    
     15.2261       0.863970        0.00000        0.00000        0.00000    
     15.3266       0.828825        0.00000        0.00000        0.00000    
     15.4271       0.799649        0.00000        0.00000        0.00000    
     15.5276       0.769320        0.00000        0.00000        0.00000    
     15.6281       0.741737        0.00000        0.00000        0.00000    
     15.7286       0.711061        0.00000        0.00000        0.00000    
     15.8291       0.684030        0.00000        0.00000        0.00000    
     15.9296       0.657566        0.00000        0.00000        0.00000    
     16.0302       0.632472        0.00000        0.00000        0.00000    
     16.1307       0.608698        0.00000        0.00000        0.00000    
     16.2312       0.584689        0.00000        0.00000        0.00000    
     16.3317       0.566575        0.00000        0.00000        0.00000    
     16.4322       0.543281        0.00000        0.00000        0.00000    
     16.5327       0.523597        0.00000        0.00000        0.00000    
     16.6332       0.504589        0.00000        0.00000        0.00000    
     16.7337       0.486450        0.00000        0.00000        0.00000    
     16.8342       0.467676        0.00000        0.00000        0.00000    
     16.9347       0.451722        0.00000        0.00000        0.00000    
     17.0352       0.435748        0.00000        0.00000        0.00000    
     17.1357       0.420526        0.00000        0.00000        0.00000    
     17.2362       0.405809        0.00000        0.00000        0.00000    
     17.3367       0.391119        0.00000        0.00000        0.00000    
     17.4372       0.377104        0.00000        0.00000        0.00000    
     17.5377       0.363698        0.00000        0.00000        0.00000    
     17.6382       0.351371        0.00000        0.00000        0.00000    
     17.7387       0.338612        0.00000        0.00000        0.00000    
     17.8392       0.327152        0.00000        0.00000        0.00000    
     17.9397       0.315782        0.00000        0.00000        0.00000    
     18.0402       0.304939        0.00000        0.00000        0.00000    
     18.1407       0.294411        0.00000        0.00000        0.00000    
     18.2412       0.284373        0.00000        0.00000        0.00000    
     18.3417       0.275039        0.00000        0.00000        0.00000    
     18.4422       0.265454        0.00000        0.00000        0.00000    
     18.5427       0.256870        0.00000        0.00000        0.00000    
     18.6432       0.247958        0.00000        0.00000        0.00000    
     18.7437       0.240207        0.00000        0.00000        0.00000    
     18.8442       0.232258        0.00000        0.00000        0.00000    
     18.9447       0.224378        0.00000        0.00000        0.00000    
     19.0452       0.216728        0.00000        0.00000        0.00000    
     19.1457       0.210127        0.00000        0.00000        0.00000    
     19.2462       0.202816        0.00000        0.00000        0.00000    
     19.3467       0.195908        0.00000        0.00000        0.00000    
     19.4472       0.189828        0.00000        0.00000        0.00000    
     19.5477       0.184103        0.00000        0.00000        0.00000    
     19.6482       0.177868        0.00000        0.00000        0.00000    
     19.7487       0.172119        0.00000        0.00000        0.00000    
     19.8492       0.167366        0.00000        0.00000        0.00000    
     19.9497       0.161612        0.00000        0.00000        0.00000    
     20.0503       0.156634        0.00000        0.00000        0.00000    
