    0.502513E-01    304.868        0.00000        0.00000        0.00000    
    0.150754        677.655        0.00000        0.00000        0.00000    
    0.251256        920.766        0.00000        0.00000        0.00000    
    0.351759        1097.60        0.00000        0.00000        0.00000    
    0.452261        1235.44        0.00000        0.00000        0.00000    
    0.552764        1333.82        0.00000        0.00000        0.00000    
    0.653266        1410.10        0.00000        0.00000        0.00000    
    0.753769        1466.48        0.00000        0.00000        0.00000    
    0.854271        1503.37        0.00000        0.00000        0.00000    
    0.954774        1533.15        0.00000        0.00000        0.00000    
     1.05528        1550.52        0.00000        0.00000        0.00000    
     1.15578        1559.32        0.00000        0.00000        0.00000    
     1.25628        1556.75        0.00000        0.00000        0.00000    
     1.35678        1549.57        0.00000        0.00000        0.00000    
     1.45729        1532.72        0.00000        0.00000        0.00000    
     1.55779        1518.08        0.00000        0.00000        0.00000    
     1.65829        1493.51        0.00000        0.00000        0.00000    
     1.75879        1474.05        0.00000        0.00000        0.00000    
     1.85930        1439.19        0.00000        0.00000        0.00000    
     1.95980        1406.43        0.00000        0.00000        0.00000    
     2.06030        1368.12        0.00000        0.00000        0.00000    
     2.16080        1333.33        0.00000        0.00000        0.00000    
     2.26131        1292.67        0.00000        0.00000        0.00000    
     2.36181        1250.10        0.00000        0.00000        0.00000    
     2.46231        1209.51        0.00000        0.00000        0.00000    
     2.56281        1170.32        0.00000        0.00000        0.00000    
     2.66332        1124.54        0.00000        0.00000        0.00000    
     2.76382        1081.63        0.00000        0.00000        0.00000    
     2.86432        1036.23        0.00000        0.00000        0.00000    
     2.96482        992.008        0.00000        0.00000        0.00000    
     3.06533        946.791        0.00000        0.00000        0.00000    
     3.16583        902.038        0.00000        0.00000        0.00000    
     3.26633        859.278        0.00000        0.00000        0.00000    
     3.36683        819.325        0.00000        0.00000        0.00000    
     3.46734        778.040        0.00000        0.00000        0.00000    
     3.56784        735.159        0.00000        0.00000        0.00000    
     3.66834        696.071        0.00000        0.00000        0.00000    
     3.76884        656.196        0.00000        0.00000        0.00000    
     3.86935        618.906        0.00000        0.00000        0.00000    
     3.96985        582.674        0.00000        0.00000        0.00000    
     4.07035        545.841        0.00000        0.00000        0.00000    
     4.17085        512.895        0.00000        0.00000        0.00000    
     4.27136        481.050        0.00000        0.00000        0.00000    
     4.37186        449.050        0.00000        0.00000        0.00000    
     4.47236        421.896        0.00000        0.00000        0.00000    
     4.57286        393.919        0.00000        0.00000        0.00000    
     4.67337        366.690        0.00000        0.00000        0.00000    
     4.77387        341.041        0.00000        0.00000        0.00000    
     4.87437        316.300        0.00000        0.00000        0.00000    
     4.97487        293.669        0.00000        0.00000        0.00000    
     5.07538        273.328        0.00000        0.00000        0.00000    
     5.17588        254.918        0.00000        0.00000        0.00000    
     5.27638        235.836        0.00000        0.00000        0.00000    
     5.37688        220.006        0.00000        0.00000        0.00000    
     5.47739        204.123        0.00000        0.00000        0.00000    
     5.57789        190.765        0.00000        0.00000        0.00000    
     5.67839        177.300        0.00000        0.00000        0.00000    
     5.77889        165.034        0.00000        0.00000        0.00000    
     5.87940        154.419        0.00000        0.00000        0.00000    
     5.97990        143.680        0.00000        0.00000        0.00000    
     6.08040        133.895        0.00000        0.00000        0.00000    
     6.18090        124.770        0.00000        0.00000        0.00000    
     6.28141        116.733        0.00000        0.00000        0.00000    
     6.38191        109.074        0.00000        0.00000        0.00000    
     6.48241        102.267        0.00000        0.00000        0.00000    
     6.58291        95.4912        0.00000        0.00000        0.00000    
     6.68342        89.3158        0.00000        0.00000        0.00000    
     6.78392        83.5025        0.00000        0.00000        0.00000    
     6.88442        78.2044        0.00000        0.00000        0.00000    
     6.98492        73.4804        0.00000        0.00000        0.00000    
     7.08543        68.7635        0.00000        0.00000        0.00000    
     7.18593        64.5461        0.00000        0.00000        0.00000    
     7.28643        60.4565        0.00000        0.00000        0.00000    
     7.38693        56.7828        0.00000        0.00000        0.00000    
     7.48744        53.2881        0.00000        0.00000        0.00000    
     7.58794        50.0531        0.00000        0.00000        0.00000    
     7.68844        47.0556        0.00000        0.00000        0.00000    
     7.78894        44.2827        0.00000        0.00000        0.00000    
     7.88945        41.5557        0.00000        0.00000        0.00000    
     7.98995        39.1807        0.00000        0.00000        0.00000    
     8.09045        37.0479        0.00000        0.00000        0.00000    
     8.19095        34.7941        0.00000        0.00000        0.00000    
     8.29146        32.7420        0.00000        0.00000        0.00000    
     8.39196        30.9328        0.00000        0.00000        0.00000    
     8.49246        29.2118        0.00000        0.00000        0.00000    
     8.59296        27.5560        0.00000        0.00000        0.00000    
     8.69347        26.0834        0.00000        0.00000        0.00000    
     8.79397        24.5661        0.00000        0.00000        0.00000    
     8.89447        23.2291        0.00000        0.00000        0.00000    
     8.99497        21.9347        0.00000        0.00000        0.00000    
     9.09548        20.7698        0.00000        0.00000        0.00000    
     9.19598        19.5807        0.00000        0.00000        0.00000    
     9.29648        18.5243        0.00000        0.00000        0.00000    
     9.39698        17.5522        0.00000        0.00000        0.00000    
     9.49749        16.6345        0.00000        0.00000        0.00000    
     9.59799        15.7394        0.00000        0.00000        0.00000    
     9.69849        14.9550        0.00000        0.00000        0.00000    
     9.79899        14.1439        0.00000        0.00000        0.00000    
     9.89950        13.4165        0.00000        0.00000        0.00000    
     10.0000        12.7802        0.00000        0.00000        0.00000    
     10.1005        12.0939        0.00000        0.00000        0.00000    
     10.2010        11.4483        0.00000        0.00000        0.00000    
     10.3015        10.9136        0.00000        0.00000        0.00000    
     10.4020        10.3475        0.00000        0.00000        0.00000    
     10.5025        9.82910        0.00000        0.00000        0.00000    
     10.6030        9.35871        0.00000        0.00000        0.00000    
     10.7035        8.90156        0.00000        0.00000        0.00000    
     10.8040        8.48278        0.00000        0.00000        0.00000    
     10.9045        8.05396        0.00000        0.00000        0.00000    
     11.0050        7.66516        0.00000        0.00000        0.00000    
     11.1055        7.30820        0.00000        0.00000        0.00000    
     11.2060        6.95800        0.00000        0.00000        0.00000    
     11.3065        6.62218        0.00000        0.00000        0.00000    
     11.4070        6.33932        0.00000        0.00000        0.00000    
     11.5075        6.04360        0.00000        0.00000        0.00000    
     11.6080        5.74783        0.00000        0.00000        0.00000    
     11.7085        5.48751        0.00000        0.00000        0.00000    
     11.8090        5.23076        0.00000        0.00000        0.00000    
     11.9095        4.99387        0.00000        0.00000        0.00000    
     12.0101        4.77857        0.00000        0.00000        0.00000    
     12.1106        4.55545        0.00000        0.00000        0.00000    
     12.2111        4.35477        0.00000        0.00000        0.00000    
     12.3116        4.16197        0.00000        0.00000        0.00000    
     12.4121        3.97291        0.00000        0.00000        0.00000    
     12.5126        3.80554        0.00000        0.00000        0.00000    
     12.6131        3.64516        0.00000        0.00000        0.00000    
     12.7136        3.48334        0.00000        0.00000        0.00000    
     12.8141        3.33839        0.00000        0.00000        0.00000    
     12.9146        3.17919        0.00000        0.00000        0.00000    
     13.0151        3.05600        0.00000        0.00000        0.00000    
     13.1156        2.92165        0.00000        0.00000        0.00000    
     13.2161        2.80230        0.00000        0.00000        0.00000    
     13.3166        2.67998        0.00000        0.00000        0.00000    
     13.4171        2.56922        0.00000        0.00000        0.00000    
     13.5176        2.46427        0.00000        0.00000        0.00000    
     13.6181        2.36198        0.00000        0.00000        0.00000    
     13.7186        2.27067        0.00000        0.00000        0.00000    
     13.8191        2.16883        0.00000        0.00000        0.00000    
     13.9196        2.08615        0.00000        0.00000        0.00000    
     14.0201        2.00432        0.00000        0.00000        0.00000    
     14.1206        1.92266        0.00000        0.00000        0.00000    
     14.2211        1.84429        0.00000        0.00000        0.00000    
     14.3216        1.76828        0.00000        0.00000        0.00000    
     14.4221        1.70386        0.00000        0.00000        0.00000    
     14.5226        1.63616        0.00000        0.00000        0.00000    
     14.6231        1.57304        0.00000        0.00000        0.00000    
     14.7236        1.51052        0.00000        0.00000        0.00000    
     14.8241        1.45174        0.00000        0.00000        0.00000    
     14.9246        1.39696        0.00000        0.00000        0.00000    
     15.0251        1.33883        0.00000        0.00000        0.00000    
     15.1256        1.29089        0.00000        0.00000        0.00000    
     15.2261        1.23904        0.00000        0.00000        0.00000    
     15.3266        1.19558        0.00000        0.00000        0.00000    
     15.4271        1.15179        0.00000        0.00000        0.00000    
     15.5276        1.10583        0.00000        0.00000        0.00000    
     15.6281        1.06583        0.00000        0.00000        0.00000    
     15.7286        1.02563        0.00000        0.00000        0.00000    
     15.8291       0.993247        0.00000        0.00000        0.00000    
     15.9296       0.954361        0.00000        0.00000        0.00000    
     16.0302       0.918514        0.00000        0.00000        0.00000    
     16.1307       0.885852        0.00000        0.00000        0.00000    
     16.2312       0.852849        0.00000        0.00000        0.00000    
     16.3317       0.821641        0.00000        0.00000        0.00000    
     16.4322       0.794347        0.00000        0.00000        0.00000    
     16.5327       0.766240        0.00000        0.00000        0.00000    
     16.6332       0.740005        0.00000        0.00000        0.00000    
     16.7337       0.712117        0.00000        0.00000        0.00000    
     16.8342       0.686624        0.00000        0.00000        0.00000    
     16.9347       0.663799        0.00000        0.00000        0.00000    
     17.0352       0.643007        0.00000        0.00000        0.00000    
     17.1357       0.618680        0.00000        0.00000        0.00000    
     17.2362       0.596219        0.00000        0.00000        0.00000    
     17.3367       0.575887        0.00000        0.00000        0.00000    
     17.4372       0.557349        0.00000        0.00000        0.00000    
     17.5377       0.537002        0.00000        0.00000        0.00000    
     17.6382       0.518511        0.00000        0.00000        0.00000    
     17.7387       0.503229        0.00000        0.00000        0.00000    
     17.8392       0.485284        0.00000        0.00000        0.00000    
     17.9397       0.469320        0.00000        0.00000        0.00000    
     18.0402       0.453924        0.00000        0.00000        0.00000    
     18.1407       0.438697        0.00000        0.00000        0.00000    
     18.2412       0.425155        0.00000        0.00000        0.00000    
     18.3417       0.410724        0.00000        0.00000        0.00000    
     18.4422       0.397677        0.00000        0.00000        0.00000    
     18.5427       0.383295        0.00000        0.00000        0.00000    
     18.6432       0.372424        0.00000        0.00000        0.00000    
     18.7437       0.360289        0.00000        0.00000        0.00000    
     18.8442       0.348796        0.00000        0.00000        0.00000    
     18.9447       0.336977        0.00000        0.00000        0.00000    
     19.0452       0.325824        0.00000        0.00000        0.00000    
     19.1457       0.314878        0.00000        0.00000        0.00000    
     19.2462       0.306309        0.00000        0.00000        0.00000    
     19.3467       0.296484        0.00000        0.00000        0.00000    
     19.4472       0.286887        0.00000        0.00000        0.00000    
     19.5477       0.278196        0.00000        0.00000        0.00000    
     19.6482       0.269013        0.00000        0.00000        0.00000    
     19.7487       0.261795        0.00000        0.00000        0.00000    
     19.8492       0.253523        0.00000        0.00000        0.00000    
     19.9497       0.245017        0.00000        0.00000        0.00000    
     20.0503       0.238019        0.00000        0.00000        0.00000    
