    0.502513E-01    291.002        0.00000        0.00000        0.00000    
    0.150754        644.804        0.00000        0.00000        0.00000    
    0.251256        872.156        0.00000        0.00000        0.00000    
    0.351759        1039.08        0.00000        0.00000        0.00000    
    0.452261        1157.46        0.00000        0.00000        0.00000    
    0.552764        1249.70        0.00000        0.00000        0.00000    
    0.653266        1320.08        0.00000        0.00000        0.00000    
    0.753769        1366.87        0.00000        0.00000        0.00000    
    0.854271        1399.47        0.00000        0.00000        0.00000    
    0.954774        1419.61        0.00000        0.00000        0.00000    
     1.05528        1433.07        0.00000        0.00000        0.00000    
     1.15578        1433.18        0.00000        0.00000        0.00000    
     1.25628        1430.69        0.00000        0.00000        0.00000    
     1.35678        1416.32        0.00000        0.00000        0.00000    
     1.45729        1400.04        0.00000        0.00000        0.00000    
     1.55779        1378.98        0.00000        0.00000        0.00000    
     1.65829        1354.72        0.00000        0.00000        0.00000    
     1.75879        1329.76        0.00000        0.00000        0.00000    
     1.85930        1298.78        0.00000        0.00000        0.00000    
     1.95980        1260.81        0.00000        0.00000        0.00000    
     2.06030        1225.58        0.00000        0.00000        0.00000    
     2.16080        1187.86        0.00000        0.00000        0.00000    
     2.26131        1151.28        0.00000        0.00000        0.00000    
     2.36181        1109.40        0.00000        0.00000        0.00000    
     2.46231        1072.71        0.00000        0.00000        0.00000    
     2.56281        1027.39        0.00000        0.00000        0.00000    
     2.66332        987.384        0.00000        0.00000        0.00000    
     2.76382        947.389        0.00000        0.00000        0.00000    
     2.86432        903.372        0.00000        0.00000        0.00000    
     2.96482        863.588        0.00000        0.00000        0.00000    
     3.06533        822.180        0.00000        0.00000        0.00000    
     3.16583        782.693        0.00000        0.00000        0.00000    
     3.26633        743.127        0.00000        0.00000        0.00000    
     3.36683        703.336        0.00000        0.00000        0.00000    
     3.46734        662.914        0.00000        0.00000        0.00000    
     3.56784        628.204        0.00000        0.00000        0.00000    
     3.66834        591.714        0.00000        0.00000        0.00000    
     3.76884        559.253        0.00000        0.00000        0.00000    
     3.86935        524.647        0.00000        0.00000        0.00000    
     3.96985        492.672        0.00000        0.00000        0.00000    
     4.07035        462.148        0.00000        0.00000        0.00000    
     4.17085        431.350        0.00000        0.00000        0.00000    
     4.27136        402.934        0.00000        0.00000        0.00000    
     4.37186        375.274        0.00000        0.00000        0.00000    
     4.47236        351.032        0.00000        0.00000        0.00000    
     4.57286        327.266        0.00000        0.00000        0.00000    
     4.67337        303.406        0.00000        0.00000        0.00000    
     4.77387        282.864        0.00000        0.00000        0.00000    
     4.87437        262.497        0.00000        0.00000        0.00000    
     4.97487        242.010        0.00000        0.00000        0.00000    
     5.07538        225.095        0.00000        0.00000        0.00000    
     5.17588        209.237        0.00000        0.00000        0.00000    
     5.27638        193.709        0.00000        0.00000        0.00000    
     5.37688        180.022        0.00000        0.00000        0.00000    
     5.47739        167.085        0.00000        0.00000        0.00000    
     5.57789        155.199        0.00000        0.00000        0.00000    
     5.67839        144.444        0.00000        0.00000        0.00000    
     5.77889        134.284        0.00000        0.00000        0.00000    
     5.87940        124.441        0.00000        0.00000        0.00000    
     5.97990        116.263        0.00000        0.00000        0.00000    
     6.08040        107.947        0.00000        0.00000        0.00000    
     6.18090        100.726        0.00000        0.00000        0.00000    
     6.28141        93.9406        0.00000        0.00000        0.00000    
     6.38191        87.6703        0.00000        0.00000        0.00000    
     6.48241        81.5875        0.00000        0.00000        0.00000    
     6.58291        76.3719        0.00000        0.00000        0.00000    
     6.68342        71.0558        0.00000        0.00000        0.00000    
     6.78392        66.4499        0.00000        0.00000        0.00000    
     6.88442        62.2079        0.00000        0.00000        0.00000    
     6.98492        58.1030        0.00000        0.00000        0.00000    
     7.08543        54.4547        0.00000        0.00000        0.00000    
     7.18593        50.9737        0.00000        0.00000        0.00000    
     7.28643        47.6854        0.00000        0.00000        0.00000    
     7.38693        44.6425        0.00000        0.00000        0.00000    
     7.48744        41.8415        0.00000        0.00000        0.00000    
     7.58794        39.2409        0.00000        0.00000        0.00000    
     7.68844        37.0206        0.00000        0.00000        0.00000    
     7.78894        34.6697        0.00000        0.00000        0.00000    
     7.88945        32.5419        0.00000        0.00000        0.00000    
     7.98995        30.5567        0.00000        0.00000        0.00000    
     8.09045        28.7017        0.00000        0.00000        0.00000    
     8.19095        27.0228        0.00000        0.00000        0.00000    
     8.29146        25.4182        0.00000        0.00000        0.00000    
     8.39196        24.0111        0.00000        0.00000        0.00000    
     8.49246        22.6259        0.00000        0.00000        0.00000    
     8.59296        21.2631        0.00000        0.00000        0.00000    
     8.69347        20.0405        0.00000        0.00000        0.00000    
     8.79397        18.8778        0.00000        0.00000        0.00000    
     8.89447        17.8161        0.00000        0.00000        0.00000    
     8.99497        16.8073        0.00000        0.00000        0.00000    
     9.09548        15.9108        0.00000        0.00000        0.00000    
     9.19598        15.0176        0.00000        0.00000        0.00000    
     9.29648        14.1536        0.00000        0.00000        0.00000    
     9.39698        13.3656        0.00000        0.00000        0.00000    
     9.49749        12.6512        0.00000        0.00000        0.00000    
     9.59799        11.9977        0.00000        0.00000        0.00000    
     9.69849        11.3004        0.00000        0.00000        0.00000    
     9.79899        10.6949        0.00000        0.00000        0.00000    
     9.89950        10.1440        0.00000        0.00000        0.00000    
     10.0000        9.62776        0.00000        0.00000        0.00000    
     10.1005        9.10407        0.00000        0.00000        0.00000    
     10.2010        8.63174        0.00000        0.00000        0.00000    
     10.3015        8.19865        0.00000        0.00000        0.00000    
     10.4020        7.77105        0.00000        0.00000        0.00000    
     10.5025        7.36660        0.00000        0.00000        0.00000    
     10.6030        6.99496        0.00000        0.00000        0.00000    
     10.7035        6.66924        0.00000        0.00000        0.00000    
     10.8040        6.32768        0.00000        0.00000        0.00000    
     10.9045        5.99757        0.00000        0.00000        0.00000    
     11.0050        5.71091        0.00000        0.00000        0.00000    
     11.1055        5.43455        0.00000        0.00000        0.00000    
     11.2060        5.14718        0.00000        0.00000        0.00000    
     11.3065        4.93291        0.00000        0.00000        0.00000    
     11.4070        4.67558        0.00000        0.00000        0.00000    
     11.5075        4.45079        0.00000        0.00000        0.00000    
     11.6080        4.25298        0.00000        0.00000        0.00000    
     11.7085        4.04045        0.00000        0.00000        0.00000    
     11.8090        3.84579        0.00000        0.00000        0.00000    
     11.9095        3.66378        0.00000        0.00000        0.00000    
     12.0101        3.49828        0.00000        0.00000        0.00000    
     12.1106        3.33033        0.00000        0.00000        0.00000    
     12.2111        3.19372        0.00000        0.00000        0.00000    
     12.3116        3.03834        0.00000        0.00000        0.00000    
     12.4121        2.90346        0.00000        0.00000        0.00000    
     12.5126        2.77001        0.00000        0.00000        0.00000    
     12.6131        2.64240        0.00000        0.00000        0.00000    
     12.7136        2.53118        0.00000        0.00000        0.00000    
     12.8141        2.41750        0.00000        0.00000        0.00000    
     12.9146        2.30863        0.00000        0.00000        0.00000    
     13.0151        2.21121        0.00000        0.00000        0.00000    
     13.1156        2.10904        0.00000        0.00000        0.00000    
     13.2161        2.01525        0.00000        0.00000        0.00000    
     13.3166        1.93102        0.00000        0.00000        0.00000    
     13.4171        1.84769        0.00000        0.00000        0.00000    
     13.5176        1.77275        0.00000        0.00000        0.00000    
     13.6181        1.69293        0.00000        0.00000        0.00000    
     13.7186        1.62011        0.00000        0.00000        0.00000    
     13.8191        1.55772        0.00000        0.00000        0.00000    
     13.9196        1.49007        0.00000        0.00000        0.00000    
     14.0201        1.42561        0.00000        0.00000        0.00000    
     14.1206        1.36762        0.00000        0.00000        0.00000    
     14.2211        1.31213        0.00000        0.00000        0.00000    
     14.3216        1.25782        0.00000        0.00000        0.00000    
     14.4221        1.20744        0.00000        0.00000        0.00000    
     14.5226        1.16154        0.00000        0.00000        0.00000    
     14.6231        1.11018        0.00000        0.00000        0.00000    
     14.7236        1.06674        0.00000        0.00000        0.00000    
     14.8241        1.02386        0.00000        0.00000        0.00000    
     14.9246       0.983135        0.00000        0.00000        0.00000    
     15.0251       0.946882        0.00000        0.00000        0.00000    
     15.1256       0.910418        0.00000        0.00000        0.00000    
     15.2261       0.871345        0.00000        0.00000        0.00000    
     15.3266       0.835925        0.00000        0.00000        0.00000    
     15.4271       0.806521        0.00000        0.00000        0.00000    
     15.5276       0.775953        0.00000        0.00000        0.00000    
     15.6281       0.748152        0.00000        0.00000        0.00000    
     15.7286       0.717230        0.00000        0.00000        0.00000    
     15.8291       0.689982        0.00000        0.00000        0.00000    
     15.9296       0.663305        0.00000        0.00000        0.00000    
     16.0302       0.638008        0.00000        0.00000        0.00000    
     16.1307       0.614041        0.00000        0.00000        0.00000    
     16.2312       0.589836        0.00000        0.00000        0.00000    
     16.3317       0.571576        0.00000        0.00000        0.00000    
     16.4322       0.548089        0.00000        0.00000        0.00000    
     16.5327       0.528243        0.00000        0.00000        0.00000    
     16.6332       0.509078        0.00000        0.00000        0.00000    
     16.7337       0.490788        0.00000        0.00000        0.00000    
     16.8342       0.471857        0.00000        0.00000        0.00000    
     16.9347       0.455770        0.00000        0.00000        0.00000    
     17.0352       0.439662        0.00000        0.00000        0.00000    
     17.1357       0.424313        0.00000        0.00000        0.00000    
     17.2362       0.409471        0.00000        0.00000        0.00000    
     17.3367       0.394657        0.00000        0.00000        0.00000    
     17.4372       0.380522        0.00000        0.00000        0.00000    
     17.5377       0.367002        0.00000        0.00000        0.00000    
     17.6382       0.354570        0.00000        0.00000        0.00000    
     17.7387       0.341700        0.00000        0.00000        0.00000    
     17.8392       0.330142        0.00000        0.00000        0.00000    
     17.9397       0.318674        0.00000        0.00000        0.00000    
     18.0402       0.307738        0.00000        0.00000        0.00000    
     18.1407       0.297118        0.00000        0.00000        0.00000    
     18.2412       0.286993        0.00000        0.00000        0.00000    
     18.3417       0.277577        0.00000        0.00000        0.00000    
     18.4422       0.267908        0.00000        0.00000        0.00000    
     18.5427       0.259249        0.00000        0.00000        0.00000    
     18.6432       0.250259        0.00000        0.00000        0.00000    
     18.7437       0.242440        0.00000        0.00000        0.00000    
     18.8442       0.234421        0.00000        0.00000        0.00000    
     18.9447       0.226471        0.00000        0.00000        0.00000    
     19.0452       0.218753        0.00000        0.00000        0.00000    
     19.1457       0.212093        0.00000        0.00000        0.00000    
     19.2462       0.204717        0.00000        0.00000        0.00000    
     19.3467       0.197747        0.00000        0.00000        0.00000    
     19.4472       0.191612        0.00000        0.00000        0.00000    
     19.5477       0.185837        0.00000        0.00000        0.00000    
     19.6482       0.179545        0.00000        0.00000        0.00000    
     19.7487       0.173744        0.00000        0.00000        0.00000    
     19.8492       0.168949        0.00000        0.00000        0.00000    
     19.9497       0.163143        0.00000        0.00000        0.00000    
     20.0503       0.158120        0.00000        0.00000        0.00000    
