    0.188442        791.874        0.00000        0.00000        0.00000    
    0.565327        1478.40        0.00000        0.00000        0.00000    
    0.942211        1719.77        0.00000        0.00000        0.00000    
     1.31910        1783.03        0.00000        0.00000        0.00000    
     1.69598        1736.30        0.00000        0.00000        0.00000    
     2.07286        1622.02        0.00000        0.00000        0.00000    
     2.44975        1476.43        0.00000        0.00000        0.00000    
     2.82663        1292.29        0.00000        0.00000        0.00000    
     3.20352        1107.58        0.00000        0.00000        0.00000    
     3.58040        921.807        0.00000        0.00000        0.00000    
     3.95729        752.924        0.00000        0.00000        0.00000    
     4.33417        597.316        0.00000        0.00000        0.00000    
     4.71106        465.117        0.00000        0.00000        0.00000    
     5.08794        357.356        0.00000        0.00000        0.00000    
     5.46482        274.690        0.00000        0.00000        0.00000    
     5.84171        212.837        0.00000        0.00000        0.00000    
     6.21859        165.406        0.00000        0.00000        0.00000    
     6.59548        129.630        0.00000        0.00000        0.00000    
     6.97236        102.141        0.00000        0.00000        0.00000    
     7.34925        81.1864        0.00000        0.00000        0.00000    
     7.72613        65.0793        0.00000        0.00000        0.00000    
     8.10302        52.2753        0.00000        0.00000        0.00000    
     8.47990        42.1896        0.00000        0.00000        0.00000    
     8.85678        34.5152        0.00000        0.00000        0.00000    
     9.23367        28.2526        0.00000        0.00000        0.00000    
     9.61055        23.1869        0.00000        0.00000        0.00000    
     9.98744        19.1607        0.00000        0.00000        0.00000    
     10.3643        15.9740        0.00000        0.00000        0.00000    
     10.7412        13.3403        0.00000        0.00000        0.00000    
     11.1181        11.1662        0.00000        0.00000        0.00000    
     11.4950        9.39758        0.00000        0.00000        0.00000    
     11.8719        7.95662        0.00000        0.00000        0.00000    
     12.2487        6.74734        0.00000        0.00000        0.00000    
     12.6256        5.75905        0.00000        0.00000        0.00000    
     13.0025        4.92773        0.00000        0.00000        0.00000    
     13.3794        4.21527        0.00000        0.00000        0.00000    
     13.7563        3.63033        0.00000        0.00000        0.00000    
     14.1332        3.13696        0.00000        0.00000        0.00000    
     14.5101        2.72276        0.00000        0.00000        0.00000    
     14.8869        2.36774        0.00000        0.00000        0.00000    
     15.2638        2.05878        0.00000        0.00000        0.00000    
     15.6407        1.79711        0.00000        0.00000        0.00000    
     16.0176        1.57727        0.00000        0.00000        0.00000    
     16.3945        1.38008        0.00000        0.00000        0.00000    
     16.7714        1.21976        0.00000        0.00000        0.00000    
     17.1482        1.07466        0.00000        0.00000        0.00000    
     17.5251       0.951393        0.00000        0.00000        0.00000    
     17.9020       0.841233        0.00000        0.00000        0.00000    
     18.2789       0.747249        0.00000        0.00000        0.00000    
     18.6558       0.664487        0.00000        0.00000        0.00000    
     19.0327       0.592772        0.00000        0.00000        0.00000    
     19.4095       0.528369        0.00000        0.00000        0.00000    
     19.7864       0.473275        0.00000        0.00000        0.00000    
     20.1633       0.423865        0.00000        0.00000        0.00000    
     20.5402       0.379587        0.00000        0.00000        0.00000    
     20.9171       0.341813        0.00000        0.00000        0.00000    
     21.2940       0.308268        0.00000        0.00000        0.00000    
     21.6709       0.278225        0.00000        0.00000        0.00000    
     22.0477       0.251674        0.00000        0.00000        0.00000    
     22.4246       0.227315        0.00000        0.00000        0.00000    
     22.8015       0.206330        0.00000        0.00000        0.00000    
     23.1784       0.186975        0.00000        0.00000        0.00000    
     23.5553       0.169845        0.00000        0.00000        0.00000    
     23.9322       0.154379        0.00000        0.00000        0.00000    
     24.3090       0.140695        0.00000        0.00000        0.00000    
     24.6859       0.128522        0.00000        0.00000        0.00000    
     25.0628       0.117098        0.00000        0.00000        0.00000    
     25.4397       0.106948        0.00000        0.00000        0.00000    
     25.8166       0.977822E-01    0.00000        0.00000        0.00000    
     26.1935       0.896708E-01    0.00000        0.00000        0.00000    
     26.5704       0.822766E-01    0.00000        0.00000        0.00000    
     26.9472       0.754245E-01    0.00000        0.00000        0.00000    
     27.3241       0.693582E-01    0.00000        0.00000        0.00000    
     27.7010       0.638298E-01    0.00000        0.00000        0.00000    
     28.0779       0.587703E-01    0.00000        0.00000        0.00000    
     28.4548       0.542179E-01    0.00000        0.00000        0.00000    
     28.8317       0.500420E-01    0.00000        0.00000        0.00000    
     29.2085       0.460723E-01    0.00000        0.00000        0.00000    
     29.5854       0.425753E-01    0.00000        0.00000        0.00000    
     29.9623       0.393596E-01    0.00000        0.00000        0.00000    
     30.3392       0.365892E-01    0.00000        0.00000        0.00000    
     30.7161       0.339148E-01    0.00000        0.00000        0.00000    
     31.0930       0.313629E-01    0.00000        0.00000        0.00000    
     31.4698       0.291307E-01    0.00000        0.00000        0.00000    
     31.8467       0.270432E-01    0.00000        0.00000        0.00000    
     32.2236       0.251519E-01    0.00000        0.00000        0.00000    
     32.6005       0.233665E-01    0.00000        0.00000        0.00000    
     32.9774       0.218017E-01    0.00000        0.00000        0.00000    
     33.3543       0.202871E-01    0.00000        0.00000        0.00000    
     33.7312       0.188804E-01    0.00000        0.00000        0.00000    
     34.1080       0.176228E-01    0.00000        0.00000        0.00000    
     34.4849       0.164261E-01    0.00000        0.00000        0.00000    
     34.8618       0.153549E-01    0.00000        0.00000        0.00000    
     35.2387       0.143544E-01    0.00000        0.00000        0.00000    
     35.6156       0.133903E-01    0.00000        0.00000        0.00000    
     35.9925       0.125543E-01    0.00000        0.00000        0.00000    
     36.3693       0.117456E-01    0.00000        0.00000        0.00000    
     36.7462       0.110151E-01    0.00000        0.00000        0.00000    
     37.1231       0.103012E-01    0.00000        0.00000        0.00000    
     37.5000       0.966067E-02    0.00000        0.00000        0.00000    
     37.8769       0.908665E-02    0.00000        0.00000        0.00000    
     38.2538       0.852534E-02    0.00000        0.00000        0.00000    
     38.6307       0.799390E-02    0.00000        0.00000        0.00000    
     39.0075       0.752063E-02    0.00000        0.00000        0.00000    
     39.3844       0.707522E-02    0.00000        0.00000        0.00000    
     39.7613       0.666078E-02    0.00000        0.00000        0.00000    
     40.1382       0.624751E-02    0.00000        0.00000        0.00000    
     40.5151       0.590518E-02    0.00000        0.00000        0.00000    
     40.8920       0.555264E-02    0.00000        0.00000        0.00000    
     41.2688       0.523505E-02    0.00000        0.00000        0.00000    
     41.6457       0.493748E-02    0.00000        0.00000        0.00000    
     42.0226       0.466418E-02    0.00000        0.00000        0.00000    
     42.3995       0.440735E-02    0.00000        0.00000        0.00000    
     42.7764       0.415934E-02    0.00000        0.00000        0.00000    
     43.1533       0.392930E-02    0.00000        0.00000        0.00000    
     43.5302       0.371187E-02    0.00000        0.00000        0.00000    
     43.9070       0.351676E-02    0.00000        0.00000        0.00000    
     44.2839       0.332044E-02    0.00000        0.00000        0.00000    
     44.6608       0.313836E-02    0.00000        0.00000        0.00000    
     45.0377       0.297240E-02    0.00000        0.00000        0.00000    
     45.4146       0.281251E-02    0.00000        0.00000        0.00000    
     45.7915       0.266918E-02    0.00000        0.00000        0.00000    
     46.1683       0.253400E-02    0.00000        0.00000        0.00000    
     46.5452       0.240112E-02    0.00000        0.00000        0.00000    
     46.9221       0.227986E-02    0.00000        0.00000        0.00000    
     47.2990       0.216206E-02    0.00000        0.00000        0.00000    
     47.6759       0.204993E-02    0.00000        0.00000        0.00000    
     48.0528       0.194816E-02    0.00000        0.00000        0.00000    
     48.4296       0.184947E-02    0.00000        0.00000        0.00000    
     48.8065       0.175975E-02    0.00000        0.00000        0.00000    
     49.1834       0.167319E-02    0.00000        0.00000        0.00000    
     49.5603       0.159203E-02    0.00000        0.00000        0.00000    
     49.9372       0.151169E-02    0.00000        0.00000        0.00000    
     50.3141       0.143955E-02    0.00000        0.00000        0.00000    
     50.6910       0.137102E-02    0.00000        0.00000        0.00000    
     51.0678       0.130660E-02    0.00000        0.00000        0.00000    
     51.4447       0.124365E-02    0.00000        0.00000        0.00000    
     51.8216       0.118547E-02    0.00000        0.00000        0.00000    
     52.1985       0.112954E-02    0.00000        0.00000        0.00000    
     52.5754       0.107483E-02    0.00000        0.00000        0.00000    
     52.9523       0.102554E-02    0.00000        0.00000        0.00000    
     53.3291       0.980429E-03    0.00000        0.00000        0.00000    
     53.7060       0.932918E-03    0.00000        0.00000        0.00000    
     54.0829       0.891352E-03    0.00000        0.00000        0.00000    
     54.4598       0.852174E-03    0.00000        0.00000        0.00000    
     54.8367       0.814699E-03    0.00000        0.00000        0.00000    
     55.2136       0.776147E-03    0.00000        0.00000        0.00000    
     55.5905       0.741774E-03    0.00000        0.00000        0.00000    
     55.9673       0.709648E-03    0.00000        0.00000        0.00000    
     56.3442       0.679858E-03    0.00000        0.00000        0.00000    
     56.7211       0.649030E-03    0.00000        0.00000        0.00000    
     57.0980       0.621330E-03    0.00000        0.00000        0.00000    
     57.4749       0.594360E-03    0.00000        0.00000        0.00000    
     57.8518       0.569767E-03    0.00000        0.00000        0.00000    
     58.2286       0.544628E-03    0.00000        0.00000        0.00000    
     58.6055       0.521136E-03    0.00000        0.00000        0.00000    
     58.9824       0.500125E-03    0.00000        0.00000        0.00000    
     59.3593       0.478961E-03    0.00000        0.00000        0.00000    
     59.7362       0.458408E-03    0.00000        0.00000        0.00000    
     60.1131       0.439138E-03    0.00000        0.00000        0.00000    
     60.4899       0.420693E-03    0.00000        0.00000        0.00000    
     60.8668       0.403425E-03    0.00000        0.00000        0.00000    
     61.2437       0.386909E-03    0.00000        0.00000        0.00000    
     61.6206       0.371542E-03    0.00000        0.00000        0.00000    
     61.9975       0.356907E-03    0.00000        0.00000        0.00000    
     62.3744       0.342395E-03    0.00000        0.00000        0.00000    
     62.7513       0.328718E-03    0.00000        0.00000        0.00000    
     63.1281       0.314990E-03    0.00000        0.00000        0.00000    
     63.5050       0.302804E-03    0.00000        0.00000        0.00000    
     63.8819       0.291046E-03    0.00000        0.00000        0.00000    
     64.2588       0.279416E-03    0.00000        0.00000        0.00000    
     64.6357       0.268400E-03    0.00000        0.00000        0.00000    
     65.0126       0.258042E-03    0.00000        0.00000        0.00000    
     65.3894       0.248118E-03    0.00000        0.00000        0.00000    
     65.7663       0.238593E-03    0.00000        0.00000        0.00000    
     66.1432       0.229607E-03    0.00000        0.00000        0.00000    
     66.5201       0.220541E-03    0.00000        0.00000        0.00000    
     66.8970       0.211853E-03    0.00000        0.00000        0.00000    
     67.2739       0.204285E-03    0.00000        0.00000        0.00000    
     67.6508       0.196662E-03    0.00000        0.00000        0.00000    
     68.0276       0.188897E-03    0.00000        0.00000        0.00000    
     68.4045       0.182335E-03    0.00000        0.00000        0.00000    
     68.7814       0.175694E-03    0.00000        0.00000        0.00000    
     69.1583       0.169119E-03    0.00000        0.00000        0.00000    
     69.5352       0.162675E-03    0.00000        0.00000        0.00000    
     69.9121       0.156954E-03    0.00000        0.00000        0.00000    
     70.2889       0.150902E-03    0.00000        0.00000        0.00000    
     70.6658       0.145759E-03    0.00000        0.00000        0.00000    
     71.0427       0.140005E-03    0.00000        0.00000        0.00000    
     71.4196       0.135564E-03    0.00000        0.00000        0.00000    
     71.7965       0.130501E-03    0.00000        0.00000        0.00000    
     72.1734       0.125888E-03    0.00000        0.00000        0.00000    
     72.5503       0.121230E-03    0.00000        0.00000        0.00000    
     72.9271       0.116992E-03    0.00000        0.00000        0.00000    
     73.3040       0.112829E-03    0.00000        0.00000        0.00000    
     73.6809       0.109255E-03    0.00000        0.00000        0.00000    
     74.0578       0.105257E-03    0.00000        0.00000        0.00000    
     74.4347       0.101632E-03    0.00000        0.00000        0.00000    
     74.8116       0.981507E-04    0.00000        0.00000        0.00000    
     75.1884       0.946156E-04    0.00000        0.00000        0.00000    
