    0.502513E-01    288.804        0.00000        0.00000        0.00000    
    0.150754        648.189        0.00000        0.00000        0.00000    
    0.251256        885.803        0.00000        0.00000        0.00000    
    0.351759        1057.82        0.00000        0.00000        0.00000    
    0.452261        1193.22        0.00000        0.00000        0.00000    
    0.552764        1295.19        0.00000        0.00000        0.00000    
    0.653266        1377.73        0.00000        0.00000        0.00000    
    0.753769        1437.56        0.00000        0.00000        0.00000    
    0.854271        1482.69        0.00000        0.00000        0.00000    
    0.954774        1515.76        0.00000        0.00000        0.00000    
     1.05528        1537.71        0.00000        0.00000        0.00000    
     1.15578        1553.83        0.00000        0.00000        0.00000    
     1.25628        1558.05        0.00000        0.00000        0.00000    
     1.35678        1559.23        0.00000        0.00000        0.00000    
     1.45729        1551.88        0.00000        0.00000        0.00000    
     1.55779        1538.95        0.00000        0.00000        0.00000    
     1.65829        1521.26        0.00000        0.00000        0.00000    
     1.75879        1496.36        0.00000        0.00000        0.00000    
     1.85930        1468.47        0.00000        0.00000        0.00000    
     1.95980        1439.35        0.00000        0.00000        0.00000    
     2.06030        1410.22        0.00000        0.00000        0.00000    
     2.16080        1378.10        0.00000        0.00000        0.00000    
     2.26131        1337.58        0.00000        0.00000        0.00000    
     2.36181        1302.10        0.00000        0.00000        0.00000    
     2.46231        1262.26        0.00000        0.00000        0.00000    
     2.56281        1220.83        0.00000        0.00000        0.00000    
     2.66332        1176.73        0.00000        0.00000        0.00000    
     2.76382        1136.76        0.00000        0.00000        0.00000    
     2.86432        1092.61        0.00000        0.00000        0.00000    
     2.96482        1049.01        0.00000        0.00000        0.00000    
     3.06533        1005.04        0.00000        0.00000        0.00000    
     3.16583        958.950        0.00000        0.00000        0.00000    
     3.26633        915.132        0.00000        0.00000        0.00000    
     3.36683        872.220        0.00000        0.00000        0.00000    
     3.46734        830.157        0.00000        0.00000        0.00000    
     3.56784        787.547        0.00000        0.00000        0.00000    
     3.66834        745.470        0.00000        0.00000        0.00000    
     3.76884        704.235        0.00000        0.00000        0.00000    
     3.86935        665.501        0.00000        0.00000        0.00000    
     3.96985        629.185        0.00000        0.00000        0.00000    
     4.07035        591.625        0.00000        0.00000        0.00000    
     4.17085        554.673        0.00000        0.00000        0.00000    
     4.27136        520.355        0.00000        0.00000        0.00000    
     4.37186        487.875        0.00000        0.00000        0.00000    
     4.47236        458.725        0.00000        0.00000        0.00000    
     4.57286        427.590        0.00000        0.00000        0.00000    
     4.67337        398.669        0.00000        0.00000        0.00000    
     4.77387        372.166        0.00000        0.00000        0.00000    
     4.87437        346.810        0.00000        0.00000        0.00000    
     4.97487        322.726        0.00000        0.00000        0.00000    
     5.07538        300.187        0.00000        0.00000        0.00000    
     5.17588        278.943        0.00000        0.00000        0.00000    
     5.27638        259.797        0.00000        0.00000        0.00000    
     5.37688        242.743        0.00000        0.00000        0.00000    
     5.47739        225.844        0.00000        0.00000        0.00000    
     5.57789        210.129        0.00000        0.00000        0.00000    
     5.67839        195.753        0.00000        0.00000        0.00000    
     5.77889        183.615        0.00000        0.00000        0.00000    
     5.87940        171.691        0.00000        0.00000        0.00000    
     5.97990        159.975        0.00000        0.00000        0.00000    
     6.08040        149.669        0.00000        0.00000        0.00000    
     6.18090        139.851        0.00000        0.00000        0.00000    
     6.28141        130.258        0.00000        0.00000        0.00000    
     6.38191        122.254        0.00000        0.00000        0.00000    
     6.48241        114.674        0.00000        0.00000        0.00000    
     6.58291        107.447        0.00000        0.00000        0.00000    
     6.68342        100.458        0.00000        0.00000        0.00000    
     6.78392        94.3299        0.00000        0.00000        0.00000    
     6.88442        88.7101        0.00000        0.00000        0.00000    
     6.98492        82.9549        0.00000        0.00000        0.00000    
     7.08543        78.0639        0.00000        0.00000        0.00000    
     7.18593        73.3974        0.00000        0.00000        0.00000    
     7.28643        68.8882        0.00000        0.00000        0.00000    
     7.38693        64.9599        0.00000        0.00000        0.00000    
     7.48744        60.9354        0.00000        0.00000        0.00000    
     7.58794        57.4378        0.00000        0.00000        0.00000    
     7.68844        54.1328        0.00000        0.00000        0.00000    
     7.78894        50.9954        0.00000        0.00000        0.00000    
     7.88945        47.9796        0.00000        0.00000        0.00000    
     7.98995        45.3118        0.00000        0.00000        0.00000    
     8.09045        42.7373        0.00000        0.00000        0.00000    
     8.19095        40.3597        0.00000        0.00000        0.00000    
     8.29146        38.1239        0.00000        0.00000        0.00000    
     8.39196        36.0764        0.00000        0.00000        0.00000    
     8.49246        34.0589        0.00000        0.00000        0.00000    
     8.59296        32.1692        0.00000        0.00000        0.00000    
     8.69347        30.4316        0.00000        0.00000        0.00000    
     8.79397        28.7650        0.00000        0.00000        0.00000    
     8.89447        27.2065        0.00000        0.00000        0.00000    
     8.99497        25.7504        0.00000        0.00000        0.00000    
     9.09548        24.4448        0.00000        0.00000        0.00000    
     9.19598        23.1632        0.00000        0.00000        0.00000    
     9.29648        22.0339        0.00000        0.00000        0.00000    
     9.39698        20.8135        0.00000        0.00000        0.00000    
     9.49749        19.7805        0.00000        0.00000        0.00000    
     9.59799        18.8081        0.00000        0.00000        0.00000    
     9.69849        17.7889        0.00000        0.00000        0.00000    
     9.79899        16.9513        0.00000        0.00000        0.00000    
     9.89950        16.0817        0.00000        0.00000        0.00000    
     10.0000        15.2749        0.00000        0.00000        0.00000    
     10.1005        14.5554        0.00000        0.00000        0.00000    
     10.2010        13.8455        0.00000        0.00000        0.00000    
     10.3015        13.1664        0.00000        0.00000        0.00000    
     10.4020        12.5220        0.00000        0.00000        0.00000    
     10.5025        11.9251        0.00000        0.00000        0.00000    
     10.6030        11.3603        0.00000        0.00000        0.00000    
     10.7035        10.8235        0.00000        0.00000        0.00000    
     10.8040        10.3195        0.00000        0.00000        0.00000    
     10.9045        9.82806        0.00000        0.00000        0.00000    
     11.0050        9.37519        0.00000        0.00000        0.00000    
     11.1055        8.96878        0.00000        0.00000        0.00000    
     11.2060        8.54331        0.00000        0.00000        0.00000    
     11.3065        8.16340        0.00000        0.00000        0.00000    
     11.4070        7.78085        0.00000        0.00000        0.00000    
     11.5075        7.43867        0.00000        0.00000        0.00000    
     11.6080        7.10009        0.00000        0.00000        0.00000    
     11.7085        6.78783        0.00000        0.00000        0.00000    
     11.8090        6.47905        0.00000        0.00000        0.00000    
     11.9095        6.21265        0.00000        0.00000        0.00000    
     12.0101        5.93406        0.00000        0.00000        0.00000    
     12.1106        5.68741        0.00000        0.00000        0.00000    
     12.2111        5.43921        0.00000        0.00000        0.00000    
     12.3116        5.21585        0.00000        0.00000        0.00000    
     12.4121        4.98281        0.00000        0.00000        0.00000    
     12.5126        4.77213        0.00000        0.00000        0.00000    
     12.6131        4.56951        0.00000        0.00000        0.00000    
     12.7136        4.37645        0.00000        0.00000        0.00000    
     12.8141        4.19673        0.00000        0.00000        0.00000    
     12.9146        4.02591        0.00000        0.00000        0.00000    
     13.0151        3.86997        0.00000        0.00000        0.00000    
     13.1156        3.70667        0.00000        0.00000        0.00000    
     13.2161        3.55359        0.00000        0.00000        0.00000    
     13.3166        3.41275        0.00000        0.00000        0.00000    
     13.4171        3.28083        0.00000        0.00000        0.00000    
     13.5176        3.14871        0.00000        0.00000        0.00000    
     13.6181        3.01994        0.00000        0.00000        0.00000    
     13.7186        2.89958        0.00000        0.00000        0.00000    
     13.8191        2.79612        0.00000        0.00000        0.00000    
     13.9196        2.68472        0.00000        0.00000        0.00000    
     14.0201        2.57313        0.00000        0.00000        0.00000    
     14.1206        2.47564        0.00000        0.00000        0.00000    
     14.2211        2.38291        0.00000        0.00000        0.00000    
     14.3216        2.29465        0.00000        0.00000        0.00000    
     14.4221        2.20568        0.00000        0.00000        0.00000    
     14.5226        2.12306        0.00000        0.00000        0.00000    
     14.6231        2.04406        0.00000        0.00000        0.00000    
     14.7236        1.96628        0.00000        0.00000        0.00000    
     14.8241        1.89107        0.00000        0.00000        0.00000    
     14.9246        1.82568        0.00000        0.00000        0.00000    
     15.0251        1.75615        0.00000        0.00000        0.00000    
     15.1256        1.68984        0.00000        0.00000        0.00000    
     15.2261        1.62599        0.00000        0.00000        0.00000    
     15.3266        1.57242        0.00000        0.00000        0.00000    
     15.4271        1.51643        0.00000        0.00000        0.00000    
     15.5276        1.46048        0.00000        0.00000        0.00000    
     15.6281        1.41212        0.00000        0.00000        0.00000    
     15.7286        1.36181        0.00000        0.00000        0.00000    
     15.8291        1.31584        0.00000        0.00000        0.00000    
     15.9296        1.26668        0.00000        0.00000        0.00000    
     16.0302        1.22316        0.00000        0.00000        0.00000    
     16.1307        1.18152        0.00000        0.00000        0.00000    
     16.2312        1.13701        0.00000        0.00000        0.00000    
     16.3317        1.09704        0.00000        0.00000        0.00000    
     16.4322        1.06411        0.00000        0.00000        0.00000    
     16.5327        1.02520        0.00000        0.00000        0.00000    
     16.6332       0.992959        0.00000        0.00000        0.00000    
     16.7337       0.957053        0.00000        0.00000        0.00000    
     16.8342       0.927015        0.00000        0.00000        0.00000    
     16.9347       0.893911        0.00000        0.00000        0.00000    
     17.0352       0.863380        0.00000        0.00000        0.00000    
     17.1357       0.837144        0.00000        0.00000        0.00000    
     17.2362       0.809058        0.00000        0.00000        0.00000    
     17.3367       0.782571        0.00000        0.00000        0.00000    
     17.4372       0.758206        0.00000        0.00000        0.00000    
     17.5377       0.731718        0.00000        0.00000        0.00000    
     17.6382       0.710191        0.00000        0.00000        0.00000    
     17.7387       0.686848        0.00000        0.00000        0.00000    
     17.8392       0.662559        0.00000        0.00000        0.00000    
     17.9397       0.643631        0.00000        0.00000        0.00000    
     18.0402       0.621715        0.00000        0.00000        0.00000    
     18.1407       0.602136        0.00000        0.00000        0.00000    
     18.2412       0.584481        0.00000        0.00000        0.00000    
     18.3417       0.566294        0.00000        0.00000        0.00000    
     18.4422       0.547441        0.00000        0.00000        0.00000    
     18.5427       0.530212        0.00000        0.00000        0.00000    
     18.6432       0.513969        0.00000        0.00000        0.00000    
     18.7437       0.499308        0.00000        0.00000        0.00000    
     18.8442       0.483841        0.00000        0.00000        0.00000    
     18.9447       0.468681        0.00000        0.00000        0.00000    
     19.0452       0.454645        0.00000        0.00000        0.00000    
     19.1457       0.440993        0.00000        0.00000        0.00000    
     19.2462       0.427375        0.00000        0.00000        0.00000    
     19.3467       0.414065        0.00000        0.00000        0.00000    
     19.4472       0.402800        0.00000        0.00000        0.00000    
     19.5477       0.390785        0.00000        0.00000        0.00000    
     19.6482       0.378833        0.00000        0.00000        0.00000    
     19.7487       0.368107        0.00000        0.00000        0.00000    
     19.8492       0.356729        0.00000        0.00000        0.00000    
     19.9497       0.346418        0.00000        0.00000        0.00000    
     20.0503       0.336560        0.00000        0.00000        0.00000    
