    0.188442        734.008        0.00000        0.00000        0.00000    
    0.565327        1371.46        0.00000        0.00000        0.00000    
    0.942211        1604.79        0.00000        0.00000        0.00000    
     1.31910        1662.18        0.00000        0.00000        0.00000    
     1.69598        1626.18        0.00000        0.00000        0.00000    
     2.07286        1522.61        0.00000        0.00000        0.00000    
     2.44975        1389.51        0.00000        0.00000        0.00000    
     2.82663        1226.74        0.00000        0.00000        0.00000    
     3.20352        1054.08        0.00000        0.00000        0.00000    
     3.58040        883.113        0.00000        0.00000        0.00000    
     3.95729        725.714        0.00000        0.00000        0.00000    
     4.33417        580.835        0.00000        0.00000        0.00000    
     4.71106        456.799        0.00000        0.00000        0.00000    
     5.08794        353.821        0.00000        0.00000        0.00000    
     5.46482        274.215        0.00000        0.00000        0.00000    
     5.84171        213.782        0.00000        0.00000        0.00000    
     6.21859        167.707        0.00000        0.00000        0.00000    
     6.59548        132.388        0.00000        0.00000        0.00000    
     6.97236        105.092        0.00000        0.00000        0.00000    
     7.34925        83.9258        0.00000        0.00000        0.00000    
     7.72613        67.3744        0.00000        0.00000        0.00000    
     8.10302        54.1930        0.00000        0.00000        0.00000    
     8.47990        44.0848        0.00000        0.00000        0.00000    
     8.85678        36.0626        0.00000        0.00000        0.00000    
     9.23367        29.5783        0.00000        0.00000        0.00000    
     9.61055        24.3883        0.00000        0.00000        0.00000    
     9.98744        20.3020        0.00000        0.00000        0.00000    
     10.3643        16.8590        0.00000        0.00000        0.00000    
     10.7412        14.0751        0.00000        0.00000        0.00000    
     11.1181        11.8633        0.00000        0.00000        0.00000    
     11.4950        10.0284        0.00000        0.00000        0.00000    
     11.8719        8.48715        0.00000        0.00000        0.00000    
     12.2487        7.22444        0.00000        0.00000        0.00000    
     12.6256        6.14206        0.00000        0.00000        0.00000    
     13.0025        5.27216        0.00000        0.00000        0.00000    
     13.3794        4.52514        0.00000        0.00000        0.00000    
     13.7563        3.90689        0.00000        0.00000        0.00000    
     14.1332        3.37508        0.00000        0.00000        0.00000    
     14.5101        2.92126        0.00000        0.00000        0.00000    
     14.8869        2.54265        0.00000        0.00000        0.00000    
     15.2638        2.21738        0.00000        0.00000        0.00000    
     15.6407        1.93946        0.00000        0.00000        0.00000    
     16.0176        1.69996        0.00000        0.00000        0.00000    
     16.3945        1.49778        0.00000        0.00000        0.00000    
     16.7714        1.31651        0.00000        0.00000        0.00000    
     17.1482        1.15957        0.00000        0.00000        0.00000    
     17.5251        1.03014        0.00000        0.00000        0.00000    
     17.9020       0.910980        0.00000        0.00000        0.00000    
     18.2789       0.811140        0.00000        0.00000        0.00000    
     18.6558       0.720699        0.00000        0.00000        0.00000    
     19.0327       0.642885        0.00000        0.00000        0.00000    
     19.4095       0.574931        0.00000        0.00000        0.00000    
     19.7864       0.514740        0.00000        0.00000        0.00000    
     20.1633       0.461703        0.00000        0.00000        0.00000    
     20.5402       0.415709        0.00000        0.00000        0.00000    
     20.9171       0.372593        0.00000        0.00000        0.00000    
     21.2940       0.335690        0.00000        0.00000        0.00000    
     21.6709       0.303859        0.00000        0.00000        0.00000    
     22.0477       0.274420        0.00000        0.00000        0.00000    
     22.4246       0.248706        0.00000        0.00000        0.00000    
     22.8015       0.225185        0.00000        0.00000        0.00000    
     23.1784       0.204449        0.00000        0.00000        0.00000    
     23.5553       0.185685        0.00000        0.00000        0.00000    
     23.9322       0.168917        0.00000        0.00000        0.00000    
     24.3090       0.153642        0.00000        0.00000        0.00000    
     24.6859       0.140258        0.00000        0.00000        0.00000    
     25.0628       0.128045        0.00000        0.00000        0.00000    
     25.4397       0.117224        0.00000        0.00000        0.00000    
     25.8166       0.107378        0.00000        0.00000        0.00000    
     26.1935       0.984925E-01    0.00000        0.00000        0.00000    
     26.5704       0.901772E-01    0.00000        0.00000        0.00000    
     26.9472       0.828261E-01    0.00000        0.00000        0.00000    
     27.3241       0.762883E-01    0.00000        0.00000        0.00000    
     27.7010       0.700230E-01    0.00000        0.00000        0.00000    
     28.0779       0.646428E-01    0.00000        0.00000        0.00000    
     28.4548       0.595559E-01    0.00000        0.00000        0.00000    
     28.8317       0.548933E-01    0.00000        0.00000        0.00000    
     29.2085       0.507987E-01    0.00000        0.00000        0.00000    
     29.5854       0.468976E-01    0.00000        0.00000        0.00000    
     29.9623       0.433256E-01    0.00000        0.00000        0.00000    
     30.3392       0.402424E-01    0.00000        0.00000        0.00000    
     30.7161       0.372141E-01    0.00000        0.00000        0.00000    
     31.0930       0.346008E-01    0.00000        0.00000        0.00000    
     31.4698       0.320800E-01    0.00000        0.00000        0.00000    
     31.8467       0.298183E-01    0.00000        0.00000        0.00000    
     32.2236       0.277222E-01    0.00000        0.00000        0.00000    
     32.6005       0.257586E-01    0.00000        0.00000        0.00000    
     32.9774       0.239953E-01    0.00000        0.00000        0.00000    
     33.3543       0.223545E-01    0.00000        0.00000        0.00000    
     33.7312       0.208070E-01    0.00000        0.00000        0.00000    
     34.1080       0.194392E-01    0.00000        0.00000        0.00000    
     34.4849       0.181073E-01    0.00000        0.00000        0.00000    
     34.8618       0.169319E-01    0.00000        0.00000        0.00000    
     35.2387       0.158167E-01    0.00000        0.00000        0.00000    
     35.6156       0.148234E-01    0.00000        0.00000        0.00000    
     35.9925       0.138444E-01    0.00000        0.00000        0.00000    
     36.3693       0.129974E-01    0.00000        0.00000        0.00000    
     36.7462       0.121680E-01    0.00000        0.00000        0.00000    
     37.1231       0.113879E-01    0.00000        0.00000        0.00000    
     37.5000       0.107111E-01    0.00000        0.00000        0.00000    
     37.8769       0.100340E-01    0.00000        0.00000        0.00000    
     38.2538       0.941785E-02    0.00000        0.00000        0.00000    
     38.6307       0.887021E-02    0.00000        0.00000        0.00000    
     39.0075       0.832646E-02    0.00000        0.00000        0.00000    
     39.3844       0.784114E-02    0.00000        0.00000        0.00000    
     39.7613       0.738351E-02    0.00000        0.00000        0.00000    
     40.1382       0.694123E-02    0.00000        0.00000        0.00000    
     40.5151       0.653940E-02    0.00000        0.00000        0.00000    
     40.8920       0.616519E-02    0.00000        0.00000        0.00000    
     41.2688       0.581481E-02    0.00000        0.00000        0.00000    
     41.6457       0.548719E-02    0.00000        0.00000        0.00000    
     42.0226       0.518131E-02    0.00000        0.00000        0.00000    
     42.3995       0.487431E-02    0.00000        0.00000        0.00000    
     42.7764       0.461832E-02    0.00000        0.00000        0.00000    
     43.1533       0.435368E-02    0.00000        0.00000        0.00000    
     43.5302       0.412114E-02    0.00000        0.00000        0.00000    
     43.9070       0.390341E-02    0.00000        0.00000        0.00000    
     44.2839       0.369182E-02    0.00000        0.00000        0.00000    
     44.6608       0.349003E-02    0.00000        0.00000        0.00000    
     45.0377       0.331707E-02    0.00000        0.00000        0.00000    
     45.4146       0.313392E-02    0.00000        0.00000        0.00000    
     45.7915       0.296863E-02    0.00000        0.00000        0.00000    
     46.1683       0.281564E-02    0.00000        0.00000        0.00000    
     46.5452       0.267498E-02    0.00000        0.00000        0.00000    
     46.9221       0.253710E-02    0.00000        0.00000        0.00000    
     47.2990       0.240987E-02    0.00000        0.00000        0.00000    
     47.6759       0.228557E-02    0.00000        0.00000        0.00000    
     48.0528       0.217144E-02    0.00000        0.00000        0.00000    
     48.4296       0.206198E-02    0.00000        0.00000        0.00000    
     48.8065       0.195740E-02    0.00000        0.00000        0.00000    
     49.1834       0.186307E-02    0.00000        0.00000        0.00000    
     49.5603       0.177284E-02    0.00000        0.00000        0.00000    
     49.9372       0.168682E-02    0.00000        0.00000        0.00000    
     50.3141       0.160348E-02    0.00000        0.00000        0.00000    
     50.6910       0.153097E-02    0.00000        0.00000        0.00000    
     51.0678       0.145346E-02    0.00000        0.00000        0.00000    
     51.4447       0.138425E-02    0.00000        0.00000        0.00000    
     51.8216       0.131864E-02    0.00000        0.00000        0.00000    
     52.1985       0.125864E-02    0.00000        0.00000        0.00000    
     52.5754       0.120086E-02    0.00000        0.00000        0.00000    
     52.9523       0.114524E-02    0.00000        0.00000        0.00000    
     53.3291       0.109282E-02    0.00000        0.00000        0.00000    
     53.7060       0.104430E-02    0.00000        0.00000        0.00000    
     54.0829       0.996060E-03    0.00000        0.00000        0.00000    
     54.4598       0.952316E-03    0.00000        0.00000        0.00000    
     54.8367       0.907274E-03    0.00000        0.00000        0.00000    
     55.2136       0.870518E-03    0.00000        0.00000        0.00000    
     55.5905       0.831629E-03    0.00000        0.00000        0.00000    
     55.9673       0.793762E-03    0.00000        0.00000        0.00000    
     56.3442       0.757869E-03    0.00000        0.00000        0.00000    
     56.7211       0.725519E-03    0.00000        0.00000        0.00000    
     57.0980       0.694622E-03    0.00000        0.00000        0.00000    
     57.4749       0.665245E-03    0.00000        0.00000        0.00000    
     57.8518       0.635142E-03    0.00000        0.00000        0.00000    
     58.2286       0.609698E-03    0.00000        0.00000        0.00000    
     58.6055       0.583870E-03    0.00000        0.00000        0.00000    
     58.9824       0.557749E-03    0.00000        0.00000        0.00000    
     59.3593       0.534823E-03    0.00000        0.00000        0.00000    
     59.7362       0.513189E-03    0.00000        0.00000        0.00000    
     60.1131       0.491554E-03    0.00000        0.00000        0.00000    
     60.4899       0.471682E-03    0.00000        0.00000        0.00000    
     60.8668       0.452677E-03    0.00000        0.00000        0.00000    
     61.2437       0.433601E-03    0.00000        0.00000        0.00000    
     61.6206       0.416836E-03    0.00000        0.00000        0.00000    
     61.9975       0.398997E-03    0.00000        0.00000        0.00000    
     62.3744       0.383868E-03    0.00000        0.00000        0.00000    
     62.7513       0.368497E-03    0.00000        0.00000        0.00000    
     63.1281       0.353366E-03    0.00000        0.00000        0.00000    
     63.5050       0.339624E-03    0.00000        0.00000        0.00000    
     63.8819       0.326547E-03    0.00000        0.00000        0.00000    
     64.2588       0.313388E-03    0.00000        0.00000        0.00000    
     64.6357       0.301301E-03    0.00000        0.00000        0.00000    
     65.0126       0.289739E-03    0.00000        0.00000        0.00000    
     65.3894       0.278322E-03    0.00000        0.00000        0.00000    
     65.7663       0.268172E-03    0.00000        0.00000        0.00000    
     66.1432       0.257871E-03    0.00000        0.00000        0.00000    
     66.5201       0.247841E-03    0.00000        0.00000        0.00000    
     66.8970       0.238579E-03    0.00000        0.00000        0.00000    
     67.2739       0.229568E-03    0.00000        0.00000        0.00000    
     67.6508       0.221055E-03    0.00000        0.00000        0.00000    
     68.0276       0.213027E-03    0.00000        0.00000        0.00000    
     68.4045       0.204730E-03    0.00000        0.00000        0.00000    
     68.7814       0.197148E-03    0.00000        0.00000        0.00000    
     69.1583       0.190040E-03    0.00000        0.00000        0.00000    
     69.5352       0.183144E-03    0.00000        0.00000        0.00000    
     69.9121       0.176296E-03    0.00000        0.00000        0.00000    
     70.2889       0.169955E-03    0.00000        0.00000        0.00000    
     70.6658       0.164093E-03    0.00000        0.00000        0.00000    
     71.0427       0.157881E-03    0.00000        0.00000        0.00000    
     71.4196       0.152298E-03    0.00000        0.00000        0.00000    
     71.7965       0.146993E-03    0.00000        0.00000        0.00000    
     72.1734       0.141551E-03    0.00000        0.00000        0.00000    
     72.5503       0.136856E-03    0.00000        0.00000        0.00000    
     72.9271       0.132103E-03    0.00000        0.00000        0.00000    
     73.3040       0.127591E-03    0.00000        0.00000        0.00000    
     73.6809       0.122811E-03    0.00000        0.00000        0.00000    
     74.0578       0.118644E-03    0.00000        0.00000        0.00000    
     74.4347       0.114664E-03    0.00000        0.00000        0.00000    
     74.8116       0.110639E-03    0.00000        0.00000        0.00000    
     75.1884       0.106896E-03    0.00000        0.00000        0.00000    
