    0.188442        733.696        0.00000        0.00000        0.00000    
    0.565327        1364.78        0.00000        0.00000        0.00000    
    0.942211        1590.46        0.00000        0.00000        0.00000    
     1.31910        1650.10        0.00000        0.00000        0.00000    
     1.69598        1603.15        0.00000        0.00000        0.00000    
     2.07286        1505.00        0.00000        0.00000        0.00000    
     2.44975        1365.46        0.00000        0.00000        0.00000    
     2.82663        1199.52        0.00000        0.00000        0.00000    
     3.20352        1029.76        0.00000        0.00000        0.00000    
     3.58040        861.714        0.00000        0.00000        0.00000    
     3.95729        704.737        0.00000        0.00000        0.00000    
     4.33417        563.569        0.00000        0.00000        0.00000    
     4.71106        441.919        0.00000        0.00000        0.00000    
     5.08794        341.285        0.00000        0.00000        0.00000    
     5.46482        264.423        0.00000        0.00000        0.00000    
     5.84171        205.260        0.00000        0.00000        0.00000    
     6.21859        160.955        0.00000        0.00000        0.00000    
     6.59548        126.607        0.00000        0.00000        0.00000    
     6.97236        100.117        0.00000        0.00000        0.00000    
     7.34925        79.7474        0.00000        0.00000        0.00000    
     7.72613        64.0311        0.00000        0.00000        0.00000    
     8.10302        51.6886        0.00000        0.00000        0.00000    
     8.47990        41.7722        0.00000        0.00000        0.00000    
     8.85678        34.1968        0.00000        0.00000        0.00000    
     9.23367        27.9174        0.00000        0.00000        0.00000    
     9.61055        23.0797        0.00000        0.00000        0.00000    
     9.98744        19.0697        0.00000        0.00000        0.00000    
     10.3643        15.8555        0.00000        0.00000        0.00000    
     10.7412        13.2148        0.00000        0.00000        0.00000    
     11.1181        11.1087        0.00000        0.00000        0.00000    
     11.4950        9.33440        0.00000        0.00000        0.00000    
     11.8719        7.94114        0.00000        0.00000        0.00000    
     12.2487        6.71151        0.00000        0.00000        0.00000    
     12.6256        5.72064        0.00000        0.00000        0.00000    
     13.0025        4.90349        0.00000        0.00000        0.00000    
     13.3794        4.19582        0.00000        0.00000        0.00000    
     13.7563        3.61626        0.00000        0.00000        0.00000    
     14.1332        3.12701        0.00000        0.00000        0.00000    
     14.5101        2.70225        0.00000        0.00000        0.00000    
     14.8869        2.34931        0.00000        0.00000        0.00000    
     15.2638        2.04155        0.00000        0.00000        0.00000    
     15.6407        1.78041        0.00000        0.00000        0.00000    
     16.0176        1.56270        0.00000        0.00000        0.00000    
     16.3945        1.37169        0.00000        0.00000        0.00000    
     16.7714        1.20643        0.00000        0.00000        0.00000    
     17.1482        1.06357        0.00000        0.00000        0.00000    
     17.5251       0.938387        0.00000        0.00000        0.00000    
     17.9020       0.829493        0.00000        0.00000        0.00000    
     18.2789       0.740493        0.00000        0.00000        0.00000    
     18.6558       0.656975        0.00000        0.00000        0.00000    
     19.0327       0.584643        0.00000        0.00000        0.00000    
     19.4095       0.522541        0.00000        0.00000        0.00000    
     19.7864       0.467813        0.00000        0.00000        0.00000    
     20.1633       0.418727        0.00000        0.00000        0.00000    
     20.5402       0.375576        0.00000        0.00000        0.00000    
     20.9171       0.337762        0.00000        0.00000        0.00000    
     21.2940       0.303616        0.00000        0.00000        0.00000    
     21.6709       0.273979        0.00000        0.00000        0.00000    
     22.0477       0.246990        0.00000        0.00000        0.00000    
     22.4246       0.223298        0.00000        0.00000        0.00000    
     22.8015       0.202229        0.00000        0.00000        0.00000    
     23.1784       0.183706        0.00000        0.00000        0.00000    
     23.5553       0.166374        0.00000        0.00000        0.00000    
     23.9322       0.151080        0.00000        0.00000        0.00000    
     24.3090       0.137867        0.00000        0.00000        0.00000    
     24.6859       0.125529        0.00000        0.00000        0.00000    
     25.0628       0.114535        0.00000        0.00000        0.00000    
     25.4397       0.104543        0.00000        0.00000        0.00000    
     25.8166       0.957279E-01    0.00000        0.00000        0.00000    
     26.1935       0.874330E-01    0.00000        0.00000        0.00000    
     26.5704       0.803969E-01    0.00000        0.00000        0.00000    
     26.9472       0.737804E-01    0.00000        0.00000        0.00000    
     27.3241       0.675364E-01    0.00000        0.00000        0.00000    
     27.7010       0.622255E-01    0.00000        0.00000        0.00000    
     28.0779       0.572790E-01    0.00000        0.00000        0.00000    
     28.4548       0.527056E-01    0.00000        0.00000        0.00000    
     28.8317       0.487071E-01    0.00000        0.00000        0.00000    
     29.2085       0.448969E-01    0.00000        0.00000        0.00000    
     29.5854       0.414290E-01    0.00000        0.00000        0.00000    
     29.9623       0.381971E-01    0.00000        0.00000        0.00000    
     30.3392       0.354885E-01    0.00000        0.00000        0.00000    
     30.7161       0.328113E-01    0.00000        0.00000        0.00000    
     31.0930       0.304139E-01    0.00000        0.00000        0.00000    
     31.4698       0.281445E-01    0.00000        0.00000        0.00000    
     31.8467       0.261431E-01    0.00000        0.00000        0.00000    
     32.2236       0.243089E-01    0.00000        0.00000        0.00000    
     32.6005       0.226395E-01    0.00000        0.00000        0.00000    
     32.9774       0.210315E-01    0.00000        0.00000        0.00000    
     33.3543       0.195659E-01    0.00000        0.00000        0.00000    
     33.7312       0.182389E-01    0.00000        0.00000        0.00000    
     34.1080       0.170146E-01    0.00000        0.00000        0.00000    
     34.4849       0.158588E-01    0.00000        0.00000        0.00000    
     34.8618       0.148215E-01    0.00000        0.00000        0.00000    
     35.2387       0.138401E-01    0.00000        0.00000        0.00000    
     35.6156       0.129052E-01    0.00000        0.00000        0.00000    
     35.9925       0.120848E-01    0.00000        0.00000        0.00000    
     36.3693       0.112976E-01    0.00000        0.00000        0.00000    
     36.7462       0.105565E-01    0.00000        0.00000        0.00000    
     37.1231       0.989504E-02    0.00000        0.00000        0.00000    
     37.5000       0.927718E-02    0.00000        0.00000        0.00000    
     37.8769       0.872215E-02    0.00000        0.00000        0.00000    
     38.2538       0.818185E-02    0.00000        0.00000        0.00000    
     38.6307       0.766873E-02    0.00000        0.00000        0.00000    
     39.0075       0.721617E-02    0.00000        0.00000        0.00000    
     39.3844       0.677280E-02    0.00000        0.00000        0.00000    
     39.7613       0.636494E-02    0.00000        0.00000        0.00000    
     40.1382       0.599736E-02    0.00000        0.00000        0.00000    
     40.5151       0.564266E-02    0.00000        0.00000        0.00000    
     40.8920       0.532152E-02    0.00000        0.00000        0.00000    
     41.2688       0.500097E-02    0.00000        0.00000        0.00000    
     41.6457       0.472713E-02    0.00000        0.00000        0.00000    
     42.0226       0.445270E-02    0.00000        0.00000        0.00000    
     42.3995       0.419824E-02    0.00000        0.00000        0.00000    
     42.7764       0.396515E-02    0.00000        0.00000        0.00000    
     43.1533       0.373899E-02    0.00000        0.00000        0.00000    
     43.5302       0.353095E-02    0.00000        0.00000        0.00000    
     43.9070       0.334622E-02    0.00000        0.00000        0.00000    
     44.2839       0.316192E-02    0.00000        0.00000        0.00000    
     44.6608       0.298841E-02    0.00000        0.00000        0.00000    
     45.0377       0.282041E-02    0.00000        0.00000        0.00000    
     45.4146       0.267427E-02    0.00000        0.00000        0.00000    
     45.7915       0.253209E-02    0.00000        0.00000        0.00000    
     46.1683       0.240112E-02    0.00000        0.00000        0.00000    
     46.5452       0.227349E-02    0.00000        0.00000        0.00000    
     46.9221       0.215426E-02    0.00000        0.00000        0.00000    
     47.2990       0.204837E-02    0.00000        0.00000        0.00000    
     47.6759       0.194162E-02    0.00000        0.00000        0.00000    
     48.0528       0.184015E-02    0.00000        0.00000        0.00000    
     48.4296       0.175225E-02    0.00000        0.00000        0.00000    
     48.8065       0.166169E-02    0.00000        0.00000        0.00000    
     49.1834       0.157853E-02    0.00000        0.00000        0.00000    
     49.5603       0.150128E-02    0.00000        0.00000        0.00000    
     49.9372       0.142750E-02    0.00000        0.00000        0.00000    
     50.3141       0.135924E-02    0.00000        0.00000        0.00000    
     50.6910       0.129405E-02    0.00000        0.00000        0.00000    
     51.0678       0.122700E-02    0.00000        0.00000        0.00000    
     51.4447       0.117118E-02    0.00000        0.00000        0.00000    
     51.8216       0.111672E-02    0.00000        0.00000        0.00000    
     52.1985       0.106279E-02    0.00000        0.00000        0.00000    
     52.5754       0.101059E-02    0.00000        0.00000        0.00000    
     52.9523       0.965292E-03    0.00000        0.00000        0.00000    
     53.3291       0.919825E-03    0.00000        0.00000        0.00000    
     53.7060       0.878376E-03    0.00000        0.00000        0.00000    
     54.0829       0.836871E-03    0.00000        0.00000        0.00000    
     54.4598       0.799491E-03    0.00000        0.00000        0.00000    
     54.8367       0.763174E-03    0.00000        0.00000        0.00000    
     55.2136       0.727566E-03    0.00000        0.00000        0.00000    
     55.5905       0.695039E-03    0.00000        0.00000        0.00000    
     55.9673       0.664708E-03    0.00000        0.00000        0.00000    
     56.3442       0.635205E-03    0.00000        0.00000        0.00000    
     56.7211       0.606845E-03    0.00000        0.00000        0.00000    
     57.0980       0.580978E-03    0.00000        0.00000        0.00000    
     57.4749       0.553120E-03    0.00000        0.00000        0.00000    
     57.8518       0.529903E-03    0.00000        0.00000        0.00000    
     58.2286       0.509052E-03    0.00000        0.00000        0.00000    
     58.6055       0.486237E-03    0.00000        0.00000        0.00000    
     58.9824       0.465410E-03    0.00000        0.00000        0.00000    
     59.3593       0.445143E-03    0.00000        0.00000        0.00000    
     59.7362       0.426538E-03    0.00000        0.00000        0.00000    
     60.1131       0.408790E-03    0.00000        0.00000        0.00000    
     60.4899       0.391243E-03    0.00000        0.00000        0.00000    
     60.8668       0.375724E-03    0.00000        0.00000        0.00000    
     61.2437       0.359742E-03    0.00000        0.00000        0.00000    
     61.6206       0.344683E-03    0.00000        0.00000        0.00000    
     61.9975       0.330912E-03    0.00000        0.00000        0.00000    
     62.3744       0.317192E-03    0.00000        0.00000        0.00000    
     62.7513       0.305018E-03    0.00000        0.00000        0.00000    
     63.1281       0.292289E-03    0.00000        0.00000        0.00000    
     63.5050       0.281067E-03    0.00000        0.00000        0.00000    
     63.8819       0.269181E-03    0.00000        0.00000        0.00000    
     64.2588       0.258282E-03    0.00000        0.00000        0.00000    
     64.6357       0.248765E-03    0.00000        0.00000        0.00000    
     65.0126       0.238751E-03    0.00000        0.00000        0.00000    
     65.3894       0.229310E-03    0.00000        0.00000        0.00000    
     65.7663       0.220208E-03    0.00000        0.00000        0.00000    
     66.1432       0.212161E-03    0.00000        0.00000        0.00000    
     66.5201       0.203853E-03    0.00000        0.00000        0.00000    
     66.8970       0.195951E-03    0.00000        0.00000        0.00000    
     67.2739       0.188364E-03    0.00000        0.00000        0.00000    
     67.6508       0.181362E-03    0.00000        0.00000        0.00000    
     68.0276       0.174221E-03    0.00000        0.00000        0.00000    
     68.4045       0.167674E-03    0.00000        0.00000        0.00000    
     68.7814       0.161442E-03    0.00000        0.00000        0.00000    
     69.1583       0.155662E-03    0.00000        0.00000        0.00000    
     69.5352       0.149732E-03    0.00000        0.00000        0.00000    
     69.9121       0.144239E-03    0.00000        0.00000        0.00000    
     70.2889       0.139030E-03    0.00000        0.00000        0.00000    
     70.6658       0.133755E-03    0.00000        0.00000        0.00000    
     71.0427       0.128966E-03    0.00000        0.00000        0.00000    
     71.4196       0.124314E-03    0.00000        0.00000        0.00000    
     71.7965       0.119723E-03    0.00000        0.00000        0.00000    
     72.1734       0.115590E-03    0.00000        0.00000        0.00000    
     72.5503       0.111309E-03    0.00000        0.00000        0.00000    
     72.9271       0.107486E-03    0.00000        0.00000        0.00000    
     73.3040       0.103618E-03    0.00000        0.00000        0.00000    
     73.6809       0.100089E-03    0.00000        0.00000        0.00000    
     74.0578       0.965150E-04    0.00000        0.00000        0.00000    
     74.4347       0.929119E-04    0.00000        0.00000        0.00000    
     74.8116       0.898734E-04    0.00000        0.00000        0.00000    
     75.1884       0.866530E-04    0.00000        0.00000        0.00000    
