    0.188442        664.095        0.00000        0.00000        0.00000    
    0.565327        1205.31        0.00000        0.00000        0.00000    
    0.942211        1355.63        0.00000        0.00000        0.00000    
     1.31910        1356.31        0.00000        0.00000        0.00000    
     1.69598        1276.43        0.00000        0.00000        0.00000    
     2.07286        1152.62        0.00000        0.00000        0.00000    
     2.44975        1013.15        0.00000        0.00000        0.00000    
     2.82663        861.111        0.00000        0.00000        0.00000    
     3.20352        714.339        0.00000        0.00000        0.00000    
     3.58040        579.654        0.00000        0.00000        0.00000    
     3.95729        456.646        0.00000        0.00000        0.00000    
     4.33417        353.591        0.00000        0.00000        0.00000    
     4.71106        269.495        0.00000        0.00000        0.00000    
     5.08794        203.101        0.00000        0.00000        0.00000    
     5.46482        152.965        0.00000        0.00000        0.00000    
     5.84171        115.506        0.00000        0.00000        0.00000    
     6.21859        88.3915        0.00000        0.00000        0.00000    
     6.59548        67.8186        0.00000        0.00000        0.00000    
     6.97236        52.3803        0.00000        0.00000        0.00000    
     7.34925        40.7807        0.00000        0.00000        0.00000    
     7.72613        32.0221        0.00000        0.00000        0.00000    
     8.10302        25.2348        0.00000        0.00000        0.00000    
     8.47990        20.0194        0.00000        0.00000        0.00000    
     8.85678        16.0072        0.00000        0.00000        0.00000    
     9.23367        12.8305        0.00000        0.00000        0.00000    
     9.61055        10.3452        0.00000        0.00000        0.00000    
     9.98744        8.40258        0.00000        0.00000        0.00000    
     10.3643        6.84799        0.00000        0.00000        0.00000    
     10.7412        5.62087        0.00000        0.00000        0.00000    
     11.1181        4.63633        0.00000        0.00000        0.00000    
     11.4950        3.80168        0.00000        0.00000        0.00000    
     11.8719        3.17930        0.00000        0.00000        0.00000    
     12.2487        2.65056        0.00000        0.00000        0.00000    
     12.6256        2.22546        0.00000        0.00000        0.00000    
     13.0025        1.86492        0.00000        0.00000        0.00000    
     13.3794        1.57592        0.00000        0.00000        0.00000    
     13.7563        1.33472        0.00000        0.00000        0.00000    
     14.1332        1.13055        0.00000        0.00000        0.00000    
     14.5101       0.966037        0.00000        0.00000        0.00000    
     14.8869       0.826591        0.00000        0.00000        0.00000    
     15.2638       0.709328        0.00000        0.00000        0.00000    
     15.6407       0.607676        0.00000        0.00000        0.00000    
     16.0176       0.523974        0.00000        0.00000        0.00000    
     16.3945       0.454035        0.00000        0.00000        0.00000    
     16.7714       0.393165        0.00000        0.00000        0.00000    
     17.1482       0.341701        0.00000        0.00000        0.00000    
     17.5251       0.297358        0.00000        0.00000        0.00000    
     17.9020       0.259474        0.00000        0.00000        0.00000    
     18.2789       0.226741        0.00000        0.00000        0.00000    
     18.6558       0.198857        0.00000        0.00000        0.00000    
     19.0327       0.174872        0.00000        0.00000        0.00000    
     19.4095       0.154246        0.00000        0.00000        0.00000    
     19.7864       0.135763        0.00000        0.00000        0.00000    
     20.1633       0.120050        0.00000        0.00000        0.00000    
     20.5402       0.106132        0.00000        0.00000        0.00000    
     20.9171       0.941867E-01    0.00000        0.00000        0.00000    
     21.2940       0.835297E-01    0.00000        0.00000        0.00000    
     21.6709       0.744748E-01    0.00000        0.00000        0.00000    
     22.0477       0.663145E-01    0.00000        0.00000        0.00000    
     22.4246       0.591159E-01    0.00000        0.00000        0.00000    
     22.8015       0.529154E-01    0.00000        0.00000        0.00000    
     23.1784       0.473641E-01    0.00000        0.00000        0.00000    
     23.5553       0.423520E-01    0.00000        0.00000        0.00000    
     23.9322       0.380409E-01    0.00000        0.00000        0.00000    
     24.3090       0.342431E-01    0.00000        0.00000        0.00000    
     24.6859       0.307888E-01    0.00000        0.00000        0.00000    
     25.0628       0.277117E-01    0.00000        0.00000        0.00000    
     25.4397       0.250521E-01    0.00000        0.00000        0.00000    
     25.8166       0.226222E-01    0.00000        0.00000        0.00000    
     26.1935       0.204682E-01    0.00000        0.00000        0.00000    
     26.5704       0.184812E-01    0.00000        0.00000        0.00000    
     26.9472       0.167493E-01    0.00000        0.00000        0.00000    
     27.3241       0.151950E-01    0.00000        0.00000        0.00000    
     27.7010       0.138213E-01    0.00000        0.00000        0.00000    
     28.0779       0.125602E-01    0.00000        0.00000        0.00000    
     28.4548       0.114464E-01    0.00000        0.00000        0.00000    
     28.8317       0.104143E-01    0.00000        0.00000        0.00000    
     29.2085       0.950247E-02    0.00000        0.00000        0.00000    
     29.5854       0.867893E-02    0.00000        0.00000        0.00000    
     29.9623       0.793225E-02    0.00000        0.00000        0.00000    
     30.3392       0.723671E-02    0.00000        0.00000        0.00000    
     30.7161       0.665190E-02    0.00000        0.00000        0.00000    
     31.0930       0.607533E-02    0.00000        0.00000        0.00000    
     31.4698       0.556266E-02    0.00000        0.00000        0.00000    
     31.8467       0.511340E-02    0.00000        0.00000        0.00000    
     32.2236       0.469931E-02    0.00000        0.00000        0.00000    
     32.6005       0.431485E-02    0.00000        0.00000        0.00000    
     32.9774       0.396451E-02    0.00000        0.00000        0.00000    
     33.3543       0.364908E-02    0.00000        0.00000        0.00000    
     33.7312       0.335374E-02    0.00000        0.00000        0.00000    
     34.1080       0.309200E-02    0.00000        0.00000        0.00000    
     34.4849       0.285598E-02    0.00000        0.00000        0.00000    
     34.8618       0.263148E-02    0.00000        0.00000        0.00000    
     35.2387       0.243386E-02    0.00000        0.00000        0.00000    
     35.6156       0.224886E-02    0.00000        0.00000        0.00000    
     35.9925       0.207781E-02    0.00000        0.00000        0.00000    
     36.3693       0.192150E-02    0.00000        0.00000        0.00000    
     36.7462       0.177979E-02    0.00000        0.00000        0.00000    
     37.1231       0.164963E-02    0.00000        0.00000        0.00000    
     37.5000       0.152589E-02    0.00000        0.00000        0.00000    
     37.8769       0.141615E-02    0.00000        0.00000        0.00000    
     38.2538       0.131517E-02    0.00000        0.00000        0.00000    
     38.6307       0.122065E-02    0.00000        0.00000        0.00000    
     39.0075       0.113417E-02    0.00000        0.00000        0.00000    
     39.3844       0.105556E-02    0.00000        0.00000        0.00000    
     39.7613       0.981850E-03    0.00000        0.00000        0.00000    
     40.1382       0.912187E-03    0.00000        0.00000        0.00000    
     40.5151       0.849521E-03    0.00000        0.00000        0.00000    
     40.8920       0.792981E-03    0.00000        0.00000        0.00000    
     41.2688       0.736252E-03    0.00000        0.00000        0.00000    
     41.6457       0.686827E-03    0.00000        0.00000        0.00000    
     42.0226       0.640885E-03    0.00000        0.00000        0.00000    
     42.3995       0.598352E-03    0.00000        0.00000        0.00000    
     42.7764       0.558264E-03    0.00000        0.00000        0.00000    
     43.1533       0.521356E-03    0.00000        0.00000        0.00000    
     43.5302       0.486910E-03    0.00000        0.00000        0.00000    
     43.9070       0.455159E-03    0.00000        0.00000        0.00000    
     44.2839       0.425920E-03    0.00000        0.00000        0.00000    
     44.6608       0.398906E-03    0.00000        0.00000        0.00000    
     45.0377       0.372481E-03    0.00000        0.00000        0.00000    
     45.4146       0.349890E-03    0.00000        0.00000        0.00000    
     45.7915       0.326252E-03    0.00000        0.00000        0.00000    
     46.1683       0.306782E-03    0.00000        0.00000        0.00000    
     46.5452       0.287117E-03    0.00000        0.00000        0.00000    
     46.9221       0.269944E-03    0.00000        0.00000        0.00000    
     47.2990       0.252559E-03    0.00000        0.00000        0.00000    
     47.6759       0.236967E-03    0.00000        0.00000        0.00000    
     48.0528       0.222793E-03    0.00000        0.00000        0.00000    
     48.4296       0.209491E-03    0.00000        0.00000        0.00000    
     48.8065       0.196714E-03    0.00000        0.00000        0.00000    
     49.1834       0.184835E-03    0.00000        0.00000        0.00000    
     49.5603       0.173437E-03    0.00000        0.00000        0.00000    
     49.9372       0.163518E-03    0.00000        0.00000        0.00000    
     50.3141       0.153971E-03    0.00000        0.00000        0.00000    
     50.6910       0.144850E-03    0.00000        0.00000        0.00000    
     51.0678       0.136170E-03    0.00000        0.00000        0.00000    
     51.4447       0.128251E-03    0.00000        0.00000        0.00000    
     51.8216       0.121077E-03    0.00000        0.00000        0.00000    
     52.1985       0.113719E-03    0.00000        0.00000        0.00000    
     52.5754       0.107285E-03    0.00000        0.00000        0.00000    
     52.9523       0.101495E-03    0.00000        0.00000        0.00000    
     53.3291       0.953861E-04    0.00000        0.00000        0.00000    
     53.7060       0.902021E-04    0.00000        0.00000        0.00000    
     54.0829       0.850702E-04    0.00000        0.00000        0.00000    
     54.4598       0.801151E-04    0.00000        0.00000        0.00000    
     54.8367       0.758441E-04    0.00000        0.00000        0.00000    
     55.2136       0.715864E-04    0.00000        0.00000        0.00000    
     55.5905       0.674914E-04    0.00000        0.00000        0.00000    
     55.9673       0.637546E-04    0.00000        0.00000        0.00000    
     56.3442       0.601962E-04    0.00000        0.00000        0.00000    
     56.7211       0.570259E-04    0.00000        0.00000        0.00000    
     57.0980       0.538831E-04    0.00000        0.00000        0.00000    
     57.4749       0.508935E-04    0.00000        0.00000        0.00000    
     57.8518       0.482866E-04    0.00000        0.00000        0.00000    
     58.2286       0.456766E-04    0.00000        0.00000        0.00000    
     58.6055       0.433191E-04    0.00000        0.00000        0.00000    
     58.9824       0.409135E-04    0.00000        0.00000        0.00000    
     59.3593       0.388636E-04    0.00000        0.00000        0.00000    
     59.7362       0.367662E-04    0.00000        0.00000        0.00000    
     60.1131       0.348341E-04    0.00000        0.00000        0.00000    
     60.4899       0.330266E-04    0.00000        0.00000        0.00000    
     60.8668       0.312297E-04    0.00000        0.00000        0.00000    
     61.2437       0.297036E-04    0.00000        0.00000        0.00000    
     61.6206       0.281757E-04    0.00000        0.00000        0.00000    
     61.9975       0.267235E-04    0.00000        0.00000        0.00000    
     62.3744       0.253217E-04    0.00000        0.00000        0.00000    
     62.7513       0.240204E-04    0.00000        0.00000        0.00000    
     63.1281       0.227963E-04    0.00000        0.00000        0.00000    
     63.5050       0.216371E-04    0.00000        0.00000        0.00000    
     63.8819       0.205687E-04    0.00000        0.00000        0.00000    
     64.2588       0.195274E-04    0.00000        0.00000        0.00000    
     64.6357       0.185094E-04    0.00000        0.00000        0.00000    
     65.0126       0.175870E-04    0.00000        0.00000        0.00000    
     65.3894       0.167374E-04    0.00000        0.00000        0.00000    
     65.7663       0.159175E-04    0.00000        0.00000        0.00000    
     66.1432       0.151523E-04    0.00000        0.00000        0.00000    
     66.5201       0.143717E-04    0.00000        0.00000        0.00000    
     66.8970       0.136699E-04    0.00000        0.00000        0.00000    
     67.2739       0.129943E-04    0.00000        0.00000        0.00000    
     67.6508       0.123628E-04    0.00000        0.00000        0.00000    
     68.0276       0.118152E-04    0.00000        0.00000        0.00000    
     68.4045       0.111907E-04    0.00000        0.00000        0.00000    
     68.7814       0.106547E-04    0.00000        0.00000        0.00000    
     69.1583       0.101594E-04    0.00000        0.00000        0.00000    
     69.5352       0.967466E-05    0.00000        0.00000        0.00000    
     69.9121       0.922055E-05    0.00000        0.00000        0.00000    
     70.2889       0.876706E-05    0.00000        0.00000        0.00000    
     70.6658       0.836329E-05    0.00000        0.00000        0.00000    
     71.0427       0.796098E-05    0.00000        0.00000        0.00000    
     71.4196       0.758680E-05    0.00000        0.00000        0.00000    
     71.7965       0.723059E-05    0.00000        0.00000        0.00000    
     72.1734       0.690512E-05    0.00000        0.00000        0.00000    
     72.5503       0.657928E-05    0.00000        0.00000        0.00000    
     72.9271       0.626392E-05    0.00000        0.00000        0.00000    
     73.3040       0.597961E-05    0.00000        0.00000        0.00000    
     73.6809       0.570095E-05    0.00000        0.00000        0.00000    
     74.0578       0.544135E-05    0.00000        0.00000        0.00000    
     74.4347       0.518362E-05    0.00000        0.00000        0.00000    
     74.8116       0.496508E-05    0.00000        0.00000        0.00000    
     75.1884       0.471705E-05    0.00000        0.00000        0.00000    
