    0.188442        739.144        0.00000        0.00000        0.00000    
    0.565327        1383.19        0.00000        0.00000        0.00000    
    0.942211        1615.43        0.00000        0.00000        0.00000    
     1.31910        1683.62        0.00000        0.00000        0.00000    
     1.69598        1647.80        0.00000        0.00000        0.00000    
     2.07286        1554.24        0.00000        0.00000        0.00000    
     2.44975        1412.76        0.00000        0.00000        0.00000    
     2.82663        1254.55        0.00000        0.00000        0.00000    
     3.20352        1084.74        0.00000        0.00000        0.00000    
     3.58040        908.986        0.00000        0.00000        0.00000    
     3.95729        746.020        0.00000        0.00000        0.00000    
     4.33417        599.231        0.00000        0.00000        0.00000    
     4.71106        471.055        0.00000        0.00000        0.00000    
     5.08794        367.897        0.00000        0.00000        0.00000    
     5.46482        285.593        0.00000        0.00000        0.00000    
     5.84171        222.519        0.00000        0.00000        0.00000    
     6.21859        174.712        0.00000        0.00000        0.00000    
     6.59548        138.085        0.00000        0.00000        0.00000    
     6.97236        109.360        0.00000        0.00000        0.00000    
     7.34925        87.7641        0.00000        0.00000        0.00000    
     7.72613        70.4845        0.00000        0.00000        0.00000    
     8.10302        57.0601        0.00000        0.00000        0.00000    
     8.47990        46.2513        0.00000        0.00000        0.00000    
     8.85678        37.8155        0.00000        0.00000        0.00000    
     9.23367        31.1283        0.00000        0.00000        0.00000    
     9.61055        25.6939        0.00000        0.00000        0.00000    
     9.98744        21.3986        0.00000        0.00000        0.00000    
     10.3643        17.7862        0.00000        0.00000        0.00000    
     10.7412        14.8986        0.00000        0.00000        0.00000    
     11.1181        12.5418        0.00000        0.00000        0.00000    
     11.4950        10.6095        0.00000        0.00000        0.00000    
     11.8719        9.00020        0.00000        0.00000        0.00000    
     12.2487        7.66629        0.00000        0.00000        0.00000    
     12.6256        6.53598        0.00000        0.00000        0.00000    
     13.0025        5.60946        0.00000        0.00000        0.00000    
     13.3794        4.83748        0.00000        0.00000        0.00000    
     13.7563        4.16707        0.00000        0.00000        0.00000    
     14.1332        3.60996        0.00000        0.00000        0.00000    
     14.5101        3.13598        0.00000        0.00000        0.00000    
     14.8869        2.73327        0.00000        0.00000        0.00000    
     15.2638        2.38656        0.00000        0.00000        0.00000    
     15.6407        2.08606        0.00000        0.00000        0.00000    
     16.0176        1.82911        0.00000        0.00000        0.00000    
     16.3945        1.61060        0.00000        0.00000        0.00000    
     16.7714        1.42176        0.00000        0.00000        0.00000    
     17.1482        1.25715        0.00000        0.00000        0.00000    
     17.5251        1.11318        0.00000        0.00000        0.00000    
     17.9020       0.989810        0.00000        0.00000        0.00000    
     18.2789       0.878507        0.00000        0.00000        0.00000    
     18.6558       0.783319        0.00000        0.00000        0.00000    
     19.0327       0.700681        0.00000        0.00000        0.00000    
     19.4095       0.624728        0.00000        0.00000        0.00000    
     19.7864       0.561286        0.00000        0.00000        0.00000    
     20.1633       0.502769        0.00000        0.00000        0.00000    
     20.5402       0.451959        0.00000        0.00000        0.00000    
     20.9171       0.407302        0.00000        0.00000        0.00000    
     21.2940       0.367851        0.00000        0.00000        0.00000    
     21.6709       0.332161        0.00000        0.00000        0.00000    
     22.0477       0.301345        0.00000        0.00000        0.00000    
     22.4246       0.272782        0.00000        0.00000        0.00000    
     22.8015       0.247305        0.00000        0.00000        0.00000    
     23.1784       0.224316        0.00000        0.00000        0.00000    
     23.5553       0.204630        0.00000        0.00000        0.00000    
     23.9322       0.186215        0.00000        0.00000        0.00000    
     24.3090       0.170056        0.00000        0.00000        0.00000    
     24.6859       0.155053        0.00000        0.00000        0.00000    
     25.0628       0.142079        0.00000        0.00000        0.00000    
     25.4397       0.130067        0.00000        0.00000        0.00000    
     25.8166       0.119212        0.00000        0.00000        0.00000    
     26.1935       0.109086        0.00000        0.00000        0.00000    
     26.5704       0.100314        0.00000        0.00000        0.00000    
     26.9472       0.922716E-01    0.00000        0.00000        0.00000    
     27.3241       0.846919E-01    0.00000        0.00000        0.00000    
     27.7010       0.781304E-01    0.00000        0.00000        0.00000    
     28.0779       0.719895E-01    0.00000        0.00000        0.00000    
     28.4548       0.664909E-01    0.00000        0.00000        0.00000    
     28.8317       0.613614E-01    0.00000        0.00000        0.00000    
     29.2085       0.566965E-01    0.00000        0.00000        0.00000    
     29.5854       0.525204E-01    0.00000        0.00000        0.00000    
     29.9623       0.486111E-01    0.00000        0.00000        0.00000    
     30.3392       0.450016E-01    0.00000        0.00000        0.00000    
     30.7161       0.419010E-01    0.00000        0.00000        0.00000    
     31.0930       0.387902E-01    0.00000        0.00000        0.00000    
     31.4698       0.360280E-01    0.00000        0.00000        0.00000    
     31.8467       0.335365E-01    0.00000        0.00000        0.00000    
     32.2236       0.311764E-01    0.00000        0.00000        0.00000    
     32.6005       0.290393E-01    0.00000        0.00000        0.00000    
     32.9774       0.269860E-01    0.00000        0.00000        0.00000    
     33.3543       0.252293E-01    0.00000        0.00000        0.00000    
     33.7312       0.235104E-01    0.00000        0.00000        0.00000    
     34.1080       0.220160E-01    0.00000        0.00000        0.00000    
     34.4849       0.205129E-01    0.00000        0.00000        0.00000    
     34.8618       0.192091E-01    0.00000        0.00000        0.00000    
     35.2387       0.179568E-01    0.00000        0.00000        0.00000    
     35.6156       0.168319E-01    0.00000        0.00000        0.00000    
     35.9925       0.157734E-01    0.00000        0.00000        0.00000    
     36.3693       0.147800E-01    0.00000        0.00000        0.00000    
     36.7462       0.138628E-01    0.00000        0.00000        0.00000    
     37.1231       0.129987E-01    0.00000        0.00000        0.00000    
     37.5000       0.121934E-01    0.00000        0.00000        0.00000    
     37.8769       0.114693E-01    0.00000        0.00000        0.00000    
     38.2538       0.107751E-01    0.00000        0.00000        0.00000    
     38.6307       0.101559E-01    0.00000        0.00000        0.00000    
     39.0075       0.954113E-02    0.00000        0.00000        0.00000    
     39.3844       0.896934E-02    0.00000        0.00000        0.00000    
     39.7613       0.844048E-02    0.00000        0.00000        0.00000    
     40.1382       0.797257E-02    0.00000        0.00000        0.00000    
     40.5151       0.752422E-02    0.00000        0.00000        0.00000    
     40.8920       0.708268E-02    0.00000        0.00000        0.00000    
     41.2688       0.668598E-02    0.00000        0.00000        0.00000    
     41.6457       0.632145E-02    0.00000        0.00000        0.00000    
     42.0226       0.596658E-02    0.00000        0.00000        0.00000    
     42.3995       0.562912E-02    0.00000        0.00000        0.00000    
     42.7764       0.532548E-02    0.00000        0.00000        0.00000    
     43.1533       0.502477E-02    0.00000        0.00000        0.00000    
     43.5302       0.475989E-02    0.00000        0.00000        0.00000    
     43.9070       0.451895E-02    0.00000        0.00000        0.00000    
     44.2839       0.426907E-02    0.00000        0.00000        0.00000    
     44.6608       0.404997E-02    0.00000        0.00000        0.00000    
     45.0377       0.383472E-02    0.00000        0.00000        0.00000    
     45.4146       0.363556E-02    0.00000        0.00000        0.00000    
     45.7915       0.344894E-02    0.00000        0.00000        0.00000    
     46.1683       0.327773E-02    0.00000        0.00000        0.00000    
     46.5452       0.310804E-02    0.00000        0.00000        0.00000    
     46.9221       0.294809E-02    0.00000        0.00000        0.00000    
     47.2990       0.280361E-02    0.00000        0.00000        0.00000    
     47.6759       0.266282E-02    0.00000        0.00000        0.00000    
     48.0528       0.253283E-02    0.00000        0.00000        0.00000    
     48.4296       0.240719E-02    0.00000        0.00000        0.00000    
     48.8065       0.229006E-02    0.00000        0.00000        0.00000    
     49.1834       0.217558E-02    0.00000        0.00000        0.00000    
     49.5603       0.207232E-02    0.00000        0.00000        0.00000    
     49.9372       0.197163E-02    0.00000        0.00000        0.00000    
     50.3141       0.187905E-02    0.00000        0.00000        0.00000    
     50.6910       0.178860E-02    0.00000        0.00000        0.00000    
     51.0678       0.170465E-02    0.00000        0.00000        0.00000    
     51.4447       0.162803E-02    0.00000        0.00000        0.00000    
     51.8216       0.155360E-02    0.00000        0.00000        0.00000    
     52.1985       0.148211E-02    0.00000        0.00000        0.00000    
     52.5754       0.141384E-02    0.00000        0.00000        0.00000    
     52.9523       0.134901E-02    0.00000        0.00000        0.00000    
     53.3291       0.128707E-02    0.00000        0.00000        0.00000    
     53.7060       0.123130E-02    0.00000        0.00000        0.00000    
     54.0829       0.117599E-02    0.00000        0.00000        0.00000    
     54.4598       0.112246E-02    0.00000        0.00000        0.00000    
     54.8367       0.107391E-02    0.00000        0.00000        0.00000    
     55.2136       0.102517E-02    0.00000        0.00000        0.00000    
     55.5905       0.982701E-03    0.00000        0.00000        0.00000    
     55.9673       0.939960E-03    0.00000        0.00000        0.00000    
     56.3442       0.897912E-03    0.00000        0.00000        0.00000    
     56.7211       0.860698E-03    0.00000        0.00000        0.00000    
     57.0980       0.823373E-03    0.00000        0.00000        0.00000    
     57.4749       0.788629E-03    0.00000        0.00000        0.00000    
     57.8518       0.753297E-03    0.00000        0.00000        0.00000    
     58.2286       0.724050E-03    0.00000        0.00000        0.00000    
     58.6055       0.692505E-03    0.00000        0.00000        0.00000    
     58.9824       0.664803E-03    0.00000        0.00000        0.00000    
     59.3593       0.637421E-03    0.00000        0.00000        0.00000    
     59.7362       0.610447E-03    0.00000        0.00000        0.00000    
     60.1131       0.586029E-03    0.00000        0.00000        0.00000    
     60.4899       0.561600E-03    0.00000        0.00000        0.00000    
     60.8668       0.538874E-03    0.00000        0.00000        0.00000    
     61.2437       0.517691E-03    0.00000        0.00000        0.00000    
     61.6206       0.496900E-03    0.00000        0.00000        0.00000    
     61.9975       0.476911E-03    0.00000        0.00000        0.00000    
     62.3744       0.458587E-03    0.00000        0.00000        0.00000    
     62.7513       0.440576E-03    0.00000        0.00000        0.00000    
     63.1281       0.423590E-03    0.00000        0.00000        0.00000    
     63.5050       0.406284E-03    0.00000        0.00000        0.00000    
     63.8819       0.391833E-03    0.00000        0.00000        0.00000    
     64.2588       0.376131E-03    0.00000        0.00000        0.00000    
     64.6357       0.361814E-03    0.00000        0.00000        0.00000    
     65.0126       0.347955E-03    0.00000        0.00000        0.00000    
     65.3894       0.334103E-03    0.00000        0.00000        0.00000    
     65.7663       0.322186E-03    0.00000        0.00000        0.00000    
     66.1432       0.309615E-03    0.00000        0.00000        0.00000    
     66.5201       0.298649E-03    0.00000        0.00000        0.00000    
     66.8970       0.288032E-03    0.00000        0.00000        0.00000    
     67.2739       0.276528E-03    0.00000        0.00000        0.00000    
     67.6508       0.266710E-03    0.00000        0.00000        0.00000    
     68.0276       0.256858E-03    0.00000        0.00000        0.00000    
     68.4045       0.247588E-03    0.00000        0.00000        0.00000    
     68.7814       0.238180E-03    0.00000        0.00000        0.00000    
     69.1583       0.230342E-03    0.00000        0.00000        0.00000    
     69.5352       0.221780E-03    0.00000        0.00000        0.00000    
     69.9121       0.213482E-03    0.00000        0.00000        0.00000    
     70.2889       0.205989E-03    0.00000        0.00000        0.00000    
     70.6658       0.198812E-03    0.00000        0.00000        0.00000    
     71.0427       0.192072E-03    0.00000        0.00000        0.00000    
     71.4196       0.185217E-03    0.00000        0.00000        0.00000    
     71.7965       0.178679E-03    0.00000        0.00000        0.00000    
     72.1734       0.172273E-03    0.00000        0.00000        0.00000    
     72.5503       0.166276E-03    0.00000        0.00000        0.00000    
     72.9271       0.160629E-03    0.00000        0.00000        0.00000    
     73.3040       0.154967E-03    0.00000        0.00000        0.00000    
     73.6809       0.150075E-03    0.00000        0.00000        0.00000    
     74.0578       0.144729E-03    0.00000        0.00000        0.00000    
     74.4347       0.139529E-03    0.00000        0.00000        0.00000    
     74.8116       0.135163E-03    0.00000        0.00000        0.00000    
     75.1884       0.130251E-03    0.00000        0.00000        0.00000    
