    0.502513E-01    314.397        0.00000        0.00000        0.00000    
    0.150754        700.304        0.00000        0.00000        0.00000    
    0.251256        955.297        0.00000        0.00000        0.00000    
    0.351759        1142.74        0.00000        0.00000        0.00000    
    0.452261        1281.42        0.00000        0.00000        0.00000    
    0.552764        1391.35        0.00000        0.00000        0.00000    
    0.653266        1473.87        0.00000        0.00000        0.00000    
    0.753769        1532.90        0.00000        0.00000        0.00000    
    0.854271        1581.53        0.00000        0.00000        0.00000    
    0.954774        1611.85        0.00000        0.00000        0.00000    
     1.05528        1635.58        0.00000        0.00000        0.00000    
     1.15578        1650.39        0.00000        0.00000        0.00000    
     1.25628        1652.00        0.00000        0.00000        0.00000    
     1.35678        1644.27        0.00000        0.00000        0.00000    
     1.45729        1635.45        0.00000        0.00000        0.00000    
     1.55779        1619.80        0.00000        0.00000        0.00000    
     1.65829        1597.68        0.00000        0.00000        0.00000    
     1.75879        1574.14        0.00000        0.00000        0.00000    
     1.85930        1541.71        0.00000        0.00000        0.00000    
     1.95980        1512.02        0.00000        0.00000        0.00000    
     2.06030        1480.52        0.00000        0.00000        0.00000    
     2.16080        1441.15        0.00000        0.00000        0.00000    
     2.26131        1402.54        0.00000        0.00000        0.00000    
     2.36181        1359.30        0.00000        0.00000        0.00000    
     2.46231        1318.57        0.00000        0.00000        0.00000    
     2.56281        1277.68        0.00000        0.00000        0.00000    
     2.66332        1227.24        0.00000        0.00000        0.00000    
     2.76382        1185.96        0.00000        0.00000        0.00000    
     2.86432        1137.53        0.00000        0.00000        0.00000    
     2.96482        1092.85        0.00000        0.00000        0.00000    
     3.06533        1047.68        0.00000        0.00000        0.00000    
     3.16583        1000.85        0.00000        0.00000        0.00000    
     3.26633        955.038        0.00000        0.00000        0.00000    
     3.36683        908.694        0.00000        0.00000        0.00000    
     3.46734        866.159        0.00000        0.00000        0.00000    
     3.56784        820.700        0.00000        0.00000        0.00000    
     3.66834        777.702        0.00000        0.00000        0.00000    
     3.76884        736.152        0.00000        0.00000        0.00000    
     3.86935        696.453        0.00000        0.00000        0.00000    
     3.96985        655.951        0.00000        0.00000        0.00000    
     4.07035        616.910        0.00000        0.00000        0.00000    
     4.17085        580.945        0.00000        0.00000        0.00000    
     4.27136        545.530        0.00000        0.00000        0.00000    
     4.37186        511.958        0.00000        0.00000        0.00000    
     4.47236        478.587        0.00000        0.00000        0.00000    
     4.57286        446.915        0.00000        0.00000        0.00000    
     4.67337        418.782        0.00000        0.00000        0.00000    
     4.77387        389.114        0.00000        0.00000        0.00000    
     4.87437        363.534        0.00000        0.00000        0.00000    
     4.97487        337.381        0.00000        0.00000        0.00000    
     5.07538        315.375        0.00000        0.00000        0.00000    
     5.17588        293.336        0.00000        0.00000        0.00000    
     5.27638        272.882        0.00000        0.00000        0.00000    
     5.37688        254.319        0.00000        0.00000        0.00000    
     5.47739        236.913        0.00000        0.00000        0.00000    
     5.57789        221.999        0.00000        0.00000        0.00000    
     5.67839        207.061        0.00000        0.00000        0.00000    
     5.77889        192.990        0.00000        0.00000        0.00000    
     5.87940        180.028        0.00000        0.00000        0.00000    
     5.97990        168.223        0.00000        0.00000        0.00000    
     6.08040        157.432        0.00000        0.00000        0.00000    
     6.18090        147.317        0.00000        0.00000        0.00000    
     6.28141        137.899        0.00000        0.00000        0.00000    
     6.38191        129.296        0.00000        0.00000        0.00000    
     6.48241        120.742        0.00000        0.00000        0.00000    
     6.58291        113.018        0.00000        0.00000        0.00000    
     6.68342        106.114        0.00000        0.00000        0.00000    
     6.78392        99.7502        0.00000        0.00000        0.00000    
     6.88442        93.4311        0.00000        0.00000        0.00000    
     6.98492        87.4855        0.00000        0.00000        0.00000    
     7.08543        82.1235        0.00000        0.00000        0.00000    
     7.18593        77.1773        0.00000        0.00000        0.00000    
     7.28643        72.5180        0.00000        0.00000        0.00000    
     7.38693        68.1001        0.00000        0.00000        0.00000    
     7.48744        64.3315        0.00000        0.00000        0.00000    
     7.58794        60.2986        0.00000        0.00000        0.00000    
     7.68844        56.8743        0.00000        0.00000        0.00000    
     7.78894        53.5530        0.00000        0.00000        0.00000    
     7.88945        50.4703        0.00000        0.00000        0.00000    
     7.98995        47.6429        0.00000        0.00000        0.00000    
     8.09045        44.8956        0.00000        0.00000        0.00000    
     8.19095        42.4773        0.00000        0.00000        0.00000    
     8.29146        39.9312        0.00000        0.00000        0.00000    
     8.39196        37.8926        0.00000        0.00000        0.00000    
     8.49246        35.7261        0.00000        0.00000        0.00000    
     8.59296        33.7666        0.00000        0.00000        0.00000    
     8.69347        31.8817        0.00000        0.00000        0.00000    
     8.79397        30.0442        0.00000        0.00000        0.00000    
     8.89447        28.4052        0.00000        0.00000        0.00000    
     8.99497        26.9810        0.00000        0.00000        0.00000    
     9.09548        25.5676        0.00000        0.00000        0.00000    
     9.19598        24.1777        0.00000        0.00000        0.00000    
     9.29648        22.9081        0.00000        0.00000        0.00000    
     9.39698        21.6950        0.00000        0.00000        0.00000    
     9.49749        20.6771        0.00000        0.00000        0.00000    
     9.59799        19.5831        0.00000        0.00000        0.00000    
     9.69849        18.5661        0.00000        0.00000        0.00000    
     9.79899        17.6478        0.00000        0.00000        0.00000    
     9.89950        16.8003        0.00000        0.00000        0.00000    
     10.0000        15.8984        0.00000        0.00000        0.00000    
     10.1005        15.1268        0.00000        0.00000        0.00000    
     10.2010        14.3946        0.00000        0.00000        0.00000    
     10.3015        13.6668        0.00000        0.00000        0.00000    
     10.4020        13.0336        0.00000        0.00000        0.00000    
     10.5025        12.3743        0.00000        0.00000        0.00000    
     10.6030        11.7937        0.00000        0.00000        0.00000    
     10.7035        11.2188        0.00000        0.00000        0.00000    
     10.8040        10.6859        0.00000        0.00000        0.00000    
     10.9045        10.1940        0.00000        0.00000        0.00000    
     11.0050        9.73381        0.00000        0.00000        0.00000    
     11.1055        9.24372        0.00000        0.00000        0.00000    
     11.2060        8.81196        0.00000        0.00000        0.00000    
     11.3065        8.42001        0.00000        0.00000        0.00000    
     11.4070        8.04050        0.00000        0.00000        0.00000    
     11.5075        7.69090        0.00000        0.00000        0.00000    
     11.6080        7.31413        0.00000        0.00000        0.00000    
     11.7085        6.99379        0.00000        0.00000        0.00000    
     11.8090        6.66880        0.00000        0.00000        0.00000    
     11.9095        6.37477        0.00000        0.00000        0.00000    
     12.0101        6.10032        0.00000        0.00000        0.00000    
     12.1106        5.82861        0.00000        0.00000        0.00000    
     12.2111        5.58336        0.00000        0.00000        0.00000    
     12.3116        5.34368        0.00000        0.00000        0.00000    
     12.4121        5.12466        0.00000        0.00000        0.00000    
     12.5126        4.89647        0.00000        0.00000        0.00000    
     12.6131        4.67833        0.00000        0.00000        0.00000    
     12.7136        4.48891        0.00000        0.00000        0.00000    
     12.8141        4.29532        0.00000        0.00000        0.00000    
     12.9146        4.11480        0.00000        0.00000        0.00000    
     13.0151        3.93713        0.00000        0.00000        0.00000    
     13.1156        3.78370        0.00000        0.00000        0.00000    
     13.2161        3.62566        0.00000        0.00000        0.00000    
     13.3166        3.47080        0.00000        0.00000        0.00000    
     13.4171        3.34217        0.00000        0.00000        0.00000    
     13.5176        3.19658        0.00000        0.00000        0.00000    
     13.6181        3.07562        0.00000        0.00000        0.00000    
     13.7186        2.94575        0.00000        0.00000        0.00000    
     13.8191        2.83409        0.00000        0.00000        0.00000    
     13.9196        2.71535        0.00000        0.00000        0.00000    
     14.0201        2.61521        0.00000        0.00000        0.00000    
     14.1206        2.50900        0.00000        0.00000        0.00000    
     14.2211        2.41481        0.00000        0.00000        0.00000    
     14.3216        2.31684        0.00000        0.00000        0.00000    
     14.4221        2.23528        0.00000        0.00000        0.00000    
     14.5226        2.14174        0.00000        0.00000        0.00000    
     14.6231        2.06678        0.00000        0.00000        0.00000    
     14.7236        1.98479        0.00000        0.00000        0.00000    
     14.8241        1.91102        0.00000        0.00000        0.00000    
     14.9246        1.84005        0.00000        0.00000        0.00000    
     15.0251        1.77295        0.00000        0.00000        0.00000    
     15.1256        1.70792        0.00000        0.00000        0.00000    
     15.2261        1.64303        0.00000        0.00000        0.00000    
     15.3266        1.58299        0.00000        0.00000        0.00000    
     15.4271        1.52621        0.00000        0.00000        0.00000    
     15.5276        1.46908        0.00000        0.00000        0.00000    
     15.6281        1.41615        0.00000        0.00000        0.00000    
     15.7286        1.36083        0.00000        0.00000        0.00000    
     15.8291        1.31452        0.00000        0.00000        0.00000    
     15.9296        1.26638        0.00000        0.00000        0.00000    
     16.0302        1.22104        0.00000        0.00000        0.00000    
     16.1307        1.18111        0.00000        0.00000        0.00000    
     16.2312        1.13639        0.00000        0.00000        0.00000    
     16.3317        1.09626        0.00000        0.00000        0.00000    
     16.4322        1.06103        0.00000        0.00000        0.00000    
     16.5327        1.02412        0.00000        0.00000        0.00000    
     16.6332       0.991055        0.00000        0.00000        0.00000    
     16.7337       0.952572        0.00000        0.00000        0.00000    
     16.8342       0.921735        0.00000        0.00000        0.00000    
     16.9347       0.888907        0.00000        0.00000        0.00000    
     17.0352       0.861405        0.00000        0.00000        0.00000    
     17.1357       0.830025        0.00000        0.00000        0.00000    
     17.2362       0.802888        0.00000        0.00000        0.00000    
     17.3367       0.777221        0.00000        0.00000        0.00000    
     17.4372       0.751467        0.00000        0.00000        0.00000    
     17.5377       0.726873        0.00000        0.00000        0.00000    
     17.6382       0.699728        0.00000        0.00000        0.00000    
     17.7387       0.678489        0.00000        0.00000        0.00000    
     17.8392       0.656660        0.00000        0.00000        0.00000    
     17.9397       0.634294        0.00000        0.00000        0.00000    
     18.0402       0.613845        0.00000        0.00000        0.00000    
     18.1407       0.594022        0.00000        0.00000        0.00000    
     18.2412       0.575773        0.00000        0.00000        0.00000    
     18.3417       0.557410        0.00000        0.00000        0.00000    
     18.4422       0.539301        0.00000        0.00000        0.00000    
     18.5427       0.521868        0.00000        0.00000        0.00000    
     18.6432       0.506142        0.00000        0.00000        0.00000    
     18.7437       0.491055        0.00000        0.00000        0.00000    
     18.8442       0.474702        0.00000        0.00000        0.00000    
     18.9447       0.460056        0.00000        0.00000        0.00000    
     19.0452       0.445420        0.00000        0.00000        0.00000    
     19.1457       0.431373        0.00000        0.00000        0.00000    
     19.2462       0.419325        0.00000        0.00000        0.00000    
     19.3467       0.407651        0.00000        0.00000        0.00000    
     19.4472       0.393084        0.00000        0.00000        0.00000    
     19.5477       0.381876        0.00000        0.00000        0.00000    
     19.6482       0.369785        0.00000        0.00000        0.00000    
     19.7487       0.358716        0.00000        0.00000        0.00000    
     19.8492       0.348125        0.00000        0.00000        0.00000    
     19.9497       0.338428        0.00000        0.00000        0.00000    
     20.0503       0.328394        0.00000        0.00000        0.00000    
