    0.188442        725.132        0.00000        0.00000        0.00000    
    0.565327        1359.02        0.00000        0.00000        0.00000    
    0.942211        1590.71        0.00000        0.00000        0.00000    
     1.31910        1648.00        0.00000        0.00000        0.00000    
     1.69598        1618.27        0.00000        0.00000        0.00000    
     2.07286        1524.50        0.00000        0.00000        0.00000    
     2.44975        1388.01        0.00000        0.00000        0.00000    
     2.82663        1229.96        0.00000        0.00000        0.00000    
     3.20352        1061.79        0.00000        0.00000        0.00000    
     3.58040        892.220        0.00000        0.00000        0.00000    
     3.95729        730.809        0.00000        0.00000        0.00000    
     4.33417        586.118        0.00000        0.00000        0.00000    
     4.71106        461.478        0.00000        0.00000        0.00000    
     5.08794        358.376        0.00000        0.00000        0.00000    
     5.46482        278.279        0.00000        0.00000        0.00000    
     5.84171        217.060        0.00000        0.00000        0.00000    
     6.21859        170.572        0.00000        0.00000        0.00000    
     6.59548        134.562        0.00000        0.00000        0.00000    
     6.97236        106.973        0.00000        0.00000        0.00000    
     7.34925        85.0904        0.00000        0.00000        0.00000    
     7.72613        68.4396        0.00000        0.00000        0.00000    
     8.10302        55.3729        0.00000        0.00000        0.00000    
     8.47990        45.0636        0.00000        0.00000        0.00000    
     8.85678        36.7796        0.00000        0.00000        0.00000    
     9.23367        30.2094        0.00000        0.00000        0.00000    
     9.61055        25.0039        0.00000        0.00000        0.00000    
     9.98744        20.7352        0.00000        0.00000        0.00000    
     10.3643        17.3421        0.00000        0.00000        0.00000    
     10.7412        14.4605        0.00000        0.00000        0.00000    
     11.1181        12.2002        0.00000        0.00000        0.00000    
     11.4950        10.2980        0.00000        0.00000        0.00000    
     11.8719        8.72557        0.00000        0.00000        0.00000    
     12.2487        7.45035        0.00000        0.00000        0.00000    
     12.6256        6.34618        0.00000        0.00000        0.00000    
     13.0025        5.46132        0.00000        0.00000        0.00000    
     13.3794        4.68835        0.00000        0.00000        0.00000    
     13.7563        4.04373        0.00000        0.00000        0.00000    
     14.1332        3.49683        0.00000        0.00000        0.00000    
     14.5101        3.03939        0.00000        0.00000        0.00000    
     14.8869        2.64331        0.00000        0.00000        0.00000    
     15.2638        2.31412        0.00000        0.00000        0.00000    
     15.6407        2.02682        0.00000        0.00000        0.00000    
     16.0176        1.77559        0.00000        0.00000        0.00000    
     16.3945        1.56218        0.00000        0.00000        0.00000    
     16.7714        1.37795        0.00000        0.00000        0.00000    
     17.1482        1.21994        0.00000        0.00000        0.00000    
     17.5251        1.07861        0.00000        0.00000        0.00000    
     17.9020       0.957688        0.00000        0.00000        0.00000    
     18.2789       0.851143        0.00000        0.00000        0.00000    
     18.6558       0.759655        0.00000        0.00000        0.00000    
     19.0327       0.676782        0.00000        0.00000        0.00000    
     19.4095       0.606361        0.00000        0.00000        0.00000    
     19.7864       0.542174        0.00000        0.00000        0.00000    
     20.1633       0.487456        0.00000        0.00000        0.00000    
     20.5402       0.439181        0.00000        0.00000        0.00000    
     20.9171       0.394882        0.00000        0.00000        0.00000    
     21.2940       0.356894        0.00000        0.00000        0.00000    
     21.6709       0.321930        0.00000        0.00000        0.00000    
     22.0477       0.291623        0.00000        0.00000        0.00000    
     22.4246       0.263893        0.00000        0.00000        0.00000    
     22.8015       0.239777        0.00000        0.00000        0.00000    
     23.1784       0.217006        0.00000        0.00000        0.00000    
     23.5553       0.197635        0.00000        0.00000        0.00000    
     23.9322       0.180549        0.00000        0.00000        0.00000    
     24.3090       0.164337        0.00000        0.00000        0.00000    
     24.6859       0.150326        0.00000        0.00000        0.00000    
     25.0628       0.137193        0.00000        0.00000        0.00000    
     25.4397       0.125694        0.00000        0.00000        0.00000    
     25.8166       0.115168        0.00000        0.00000        0.00000    
     26.1935       0.105391        0.00000        0.00000        0.00000    
     26.5704       0.967705E-01    0.00000        0.00000        0.00000    
     26.9472       0.892594E-01    0.00000        0.00000        0.00000    
     27.3241       0.820923E-01    0.00000        0.00000        0.00000    
     27.7010       0.753500E-01    0.00000        0.00000        0.00000    
     28.0779       0.697171E-01    0.00000        0.00000        0.00000    
     28.4548       0.641756E-01    0.00000        0.00000        0.00000    
     28.8317       0.593818E-01    0.00000        0.00000        0.00000    
     29.2085       0.548184E-01    0.00000        0.00000        0.00000    
     29.5854       0.508561E-01    0.00000        0.00000        0.00000    
     29.9623       0.470099E-01    0.00000        0.00000        0.00000    
     30.3392       0.435166E-01    0.00000        0.00000        0.00000    
     30.7161       0.403972E-01    0.00000        0.00000        0.00000    
     31.0930       0.375235E-01    0.00000        0.00000        0.00000    
     31.4698       0.349472E-01    0.00000        0.00000        0.00000    
     31.8467       0.323992E-01    0.00000        0.00000        0.00000    
     32.2236       0.300843E-01    0.00000        0.00000        0.00000    
     32.6005       0.280890E-01    0.00000        0.00000        0.00000    
     32.9774       0.261487E-01    0.00000        0.00000        0.00000    
     33.3543       0.244111E-01    0.00000        0.00000        0.00000    
     33.7312       0.227459E-01    0.00000        0.00000        0.00000    
     34.1080       0.212270E-01    0.00000        0.00000        0.00000    
     34.4849       0.198809E-01    0.00000        0.00000        0.00000    
     34.8618       0.185871E-01    0.00000        0.00000        0.00000    
     35.2387       0.173972E-01    0.00000        0.00000        0.00000    
     35.6156       0.162348E-01    0.00000        0.00000        0.00000    
     35.9925       0.152248E-01    0.00000        0.00000        0.00000    
     36.3693       0.142933E-01    0.00000        0.00000        0.00000    
     36.7462       0.133711E-01    0.00000        0.00000        0.00000    
     37.1231       0.125632E-01    0.00000        0.00000        0.00000    
     37.5000       0.117899E-01    0.00000        0.00000        0.00000    
     37.8769       0.110807E-01    0.00000        0.00000        0.00000    
     38.2538       0.104066E-01    0.00000        0.00000        0.00000    
     38.6307       0.979167E-02    0.00000        0.00000        0.00000    
     39.0075       0.919875E-02    0.00000        0.00000        0.00000    
     39.3844       0.866661E-02    0.00000        0.00000        0.00000    
     39.7613       0.815074E-02    0.00000        0.00000        0.00000    
     40.1382       0.769446E-02    0.00000        0.00000        0.00000    
     40.5151       0.724595E-02    0.00000        0.00000        0.00000    
     40.8920       0.684917E-02    0.00000        0.00000        0.00000    
     41.2688       0.645716E-02    0.00000        0.00000        0.00000    
     41.6457       0.609048E-02    0.00000        0.00000        0.00000    
     42.0226       0.575334E-02    0.00000        0.00000        0.00000    
     42.3995       0.542976E-02    0.00000        0.00000        0.00000    
     42.7764       0.514670E-02    0.00000        0.00000        0.00000    
     43.1533       0.486935E-02    0.00000        0.00000        0.00000    
     43.5302       0.459294E-02    0.00000        0.00000        0.00000    
     43.9070       0.436096E-02    0.00000        0.00000        0.00000    
     44.2839       0.411511E-02    0.00000        0.00000        0.00000    
     44.6608       0.390328E-02    0.00000        0.00000        0.00000    
     45.0377       0.370711E-02    0.00000        0.00000        0.00000    
     45.4146       0.350856E-02    0.00000        0.00000        0.00000    
     45.7915       0.333303E-02    0.00000        0.00000        0.00000    
     46.1683       0.316013E-02    0.00000        0.00000        0.00000    
     46.5452       0.300053E-02    0.00000        0.00000        0.00000    
     46.9221       0.284518E-02    0.00000        0.00000        0.00000    
     47.2990       0.270518E-02    0.00000        0.00000        0.00000    
     47.6759       0.256635E-02    0.00000        0.00000        0.00000    
     48.0528       0.244113E-02    0.00000        0.00000        0.00000    
     48.4296       0.231897E-02    0.00000        0.00000        0.00000    
     48.8065       0.221010E-02    0.00000        0.00000        0.00000    
     49.1834       0.210022E-02    0.00000        0.00000        0.00000    
     49.5603       0.199745E-02    0.00000        0.00000        0.00000    
     49.9372       0.190575E-02    0.00000        0.00000        0.00000    
     50.3141       0.181217E-02    0.00000        0.00000        0.00000    
     50.6910       0.172531E-02    0.00000        0.00000        0.00000    
     51.0678       0.164502E-02    0.00000        0.00000        0.00000    
     51.4447       0.156817E-02    0.00000        0.00000        0.00000    
     51.8216       0.149435E-02    0.00000        0.00000        0.00000    
     52.1985       0.142539E-02    0.00000        0.00000        0.00000    
     52.5754       0.136111E-02    0.00000        0.00000        0.00000    
     52.9523       0.129943E-02    0.00000        0.00000        0.00000    
     53.3291       0.123929E-02    0.00000        0.00000        0.00000    
     53.7060       0.118713E-02    0.00000        0.00000        0.00000    
     54.0829       0.113139E-02    0.00000        0.00000        0.00000    
     54.4598       0.108017E-02    0.00000        0.00000        0.00000    
     54.8367       0.103319E-02    0.00000        0.00000        0.00000    
     55.2136       0.988732E-03    0.00000        0.00000        0.00000    
     55.5905       0.945453E-03    0.00000        0.00000        0.00000    
     55.9673       0.904053E-03    0.00000        0.00000        0.00000    
     56.3442       0.864882E-03    0.00000        0.00000        0.00000    
     56.7211       0.827330E-03    0.00000        0.00000        0.00000    
     57.0980       0.793753E-03    0.00000        0.00000        0.00000    
     57.4749       0.759829E-03    0.00000        0.00000        0.00000    
     57.8518       0.727536E-03    0.00000        0.00000        0.00000    
     58.2286       0.696039E-03    0.00000        0.00000        0.00000    
     58.6055       0.666567E-03    0.00000        0.00000        0.00000    
     58.9824       0.640231E-03    0.00000        0.00000        0.00000    
     59.3593       0.614676E-03    0.00000        0.00000        0.00000    
     59.7362       0.588176E-03    0.00000        0.00000        0.00000    
     60.1131       0.565943E-03    0.00000        0.00000        0.00000    
     60.4899       0.541448E-03    0.00000        0.00000        0.00000    
     60.8668       0.519398E-03    0.00000        0.00000        0.00000    
     61.2437       0.499205E-03    0.00000        0.00000        0.00000    
     61.6206       0.478403E-03    0.00000        0.00000        0.00000    
     61.9975       0.460371E-03    0.00000        0.00000        0.00000    
     62.3744       0.442545E-03    0.00000        0.00000        0.00000    
     62.7513       0.423924E-03    0.00000        0.00000        0.00000    
     63.1281       0.406821E-03    0.00000        0.00000        0.00000    
     63.5050       0.392205E-03    0.00000        0.00000        0.00000    
     63.8819       0.376994E-03    0.00000        0.00000        0.00000    
     64.2588       0.361939E-03    0.00000        0.00000        0.00000    
     64.6357       0.347336E-03    0.00000        0.00000        0.00000    
     65.0126       0.334914E-03    0.00000        0.00000        0.00000    
     65.3894       0.322927E-03    0.00000        0.00000        0.00000    
     65.7663       0.309837E-03    0.00000        0.00000        0.00000    
     66.1432       0.298499E-03    0.00000        0.00000        0.00000    
     66.5201       0.287084E-03    0.00000        0.00000        0.00000    
     66.8970       0.277186E-03    0.00000        0.00000        0.00000    
     67.2739       0.266406E-03    0.00000        0.00000        0.00000    
     67.6508       0.256733E-03    0.00000        0.00000        0.00000    
     68.0276       0.247351E-03    0.00000        0.00000        0.00000    
     68.4045       0.238160E-03    0.00000        0.00000        0.00000    
     68.7814       0.229301E-03    0.00000        0.00000        0.00000    
     69.1583       0.221133E-03    0.00000        0.00000        0.00000    
     69.5352       0.213509E-03    0.00000        0.00000        0.00000    
     69.9121       0.205615E-03    0.00000        0.00000        0.00000    
     70.2889       0.198110E-03    0.00000        0.00000        0.00000    
     70.6658       0.191043E-03    0.00000        0.00000        0.00000    
     71.0427       0.184551E-03    0.00000        0.00000        0.00000    
     71.4196       0.178066E-03    0.00000        0.00000        0.00000    
     71.7965       0.171730E-03    0.00000        0.00000        0.00000    
     72.1734       0.165760E-03    0.00000        0.00000        0.00000    
     72.5503       0.160094E-03    0.00000        0.00000        0.00000    
     72.9271       0.154438E-03    0.00000        0.00000        0.00000    
     73.3040       0.149010E-03    0.00000        0.00000        0.00000    
     73.6809       0.143919E-03    0.00000        0.00000        0.00000    
     74.0578       0.139048E-03    0.00000        0.00000        0.00000    
     74.4347       0.134552E-03    0.00000        0.00000        0.00000    
     74.8116       0.129885E-03    0.00000        0.00000        0.00000    
     75.1884       0.125549E-03    0.00000        0.00000        0.00000    
